y	m	d	Boves_SIMN	Boves_ARPA
1988	1	1	0	NA
1988	1	2	0	NA
1988	1	3	0	NA
1988	1	4	0	NA
1988	1	5	0	NA
1988	1	6	0	NA
1988	1	7	0	NA
1988	1	8	0	NA
1988	1	9	0	NA
1988	1	10	0	NA
1988	1	11	0	NA
1988	1	12	0	NA
1988	1	13	0	NA
1988	1	14	42	NA
1988	1	15	0	18.6
1988	1	16	0	0
1988	1	17	0	0
1988	1	18	0	0
1988	1	19	14	5
1988	1	20	0	3.2
1988	1	21	11	0
1988	1	22	0	0
1988	1	23	0	0
1988	1	24	0	0
1988	1	25	0	0
1988	1	26	0	0.2
1988	1	27	0	0
1988	1	28	0	0
1988	1	29	3	0
1988	1	30	0	0
1988	1	31	0	0
1988	2	1	0	0
1988	2	2	0	0
1988	2	3	0	0
1988	2	4	0	0
1988	2	5	0	0
1988	2	6	0	0
1988	2	7	0	3.2
1988	2	8	0	0.4
1988	2	9	0	0
1988	2	10	0	0
1988	2	11	0	0
1988	2	12	0	0
1988	2	13	0	0
1988	2	14	0	0
1988	2	15	0	0
1988	2	16	0	0
1988	2	17	0	0
1988	2	18	0	0
1988	2	19	0	0
1988	2	20	0	0
1988	2	21	0	0
1988	2	22	0	0
1988	2	23	0	0
1988	2	24	0	0
1988	2	25	0	0
1988	2	26	0	0
1988	2	27	0	0
1988	2	28	0	0
1988	2	29	0	0
1988	3	1	0	0
1988	3	2	0	0
1988	3	3	0	0
1988	3	4	0	0
1988	3	5	5	0
1988	3	6	0	4.4
1988	3	7	0	0.2
1988	3	8	0	0.2
1988	3	9	0	0
1988	3	10	0	0
1988	3	11	0	0
1988	3	12	0	0
1988	3	13	0	0
1988	3	14	0	0
1988	3	15	0	0
1988	3	16	0	0
1988	3	17	0	0
1988	3	18	0	0
1988	3	19	0	0
1988	3	20	0	0
1988	3	21	0	0
1988	3	22	0	0
1988	3	23	0	0
1988	3	24	0	0
1988	3	25	0	0
1988	3	26	0	0
1988	3	27	0	0
1988	3	28	0	0
1988	3	29	0	0
1988	3	30	0	5.8
1988	3	31	4	41.4
1988	4	1	0	8
1988	4	2	0	0
1988	4	3	0	2
1988	4	4	24	13.8
1988	4	5	0	0.4
1988	4	6	0	9.8
1988	4	7	45	20.6
1988	4	8	0	8.6
1988	4	9	23	0
1988	4	10	0	0
1988	4	11	0	0
1988	4	12	13	0.2
1988	4	13	0	11.6
1988	4	14	0	0.8
1988	4	15	0	0
1988	4	16	0	0
1988	4	17	0	2
1988	4	18	0	0
1988	4	19	0	0
1988	4	20	12	9
1988	4	21	0	0
1988	4	22	0	0
1988	4	23	0	0
1988	4	24	0	0
1988	4	25	60	45.2
1988	4	26	0	0
1988	4	27	8	0
1988	4	28	17	16.4
1988	4	29	10	5.6
1988	4	30	0	10
1988	5	1	0	0
1988	5	2	0	0
1988	5	3	0	1.2
1988	5	4	13	0
1988	5	5	0	12.4
1988	5	6	0	0
1988	5	7	0	0
1988	5	8	5	4.6
1988	5	9	11	9.4
1988	5	10	0	0
1988	5	11	0	0.8
1988	5	12	0	59.6
1988	5	13	0	66.2
1988	5	14	163	33.2
1988	5	15	18	21.6
1988	5	16	0	0.2
1988	5	17	0	0
1988	5	18	5	0
1988	5	19	0	13.2
1988	5	20	0	2.2
1988	5	21	0	17
1988	5	22	0	0.8
1988	5	23	0	0
1988	5	24	0	0
1988	5	25	0	0
1988	5	26	0	0
1988	5	27	0	0
1988	5	28	2	1.4
1988	5	29	0	21
1988	5	30	0	0.8
1988	5	31	0	0
1988	6	1	0	0.4
1988	6	2	0	0
1988	6	3	0	0
1988	6	4	0	0
1988	6	5	45	61.4
1988	6	6	3	0.4
1988	6	7	24	1.8
1988	6	8	0	23.8
1988	6	9	0	0
1988	6	10	0	0
1988	6	11	0	0
1988	6	12	4	0
1988	6	13	0	3.4
1988	6	14	0	0.2
1988	6	15	0	0
1988	6	16	7	0
1988	6	17	0	8.6
1988	6	18	35	9.8
1988	6	19	0	14
1988	6	20	0	0
1988	6	21	0	0.4
1988	6	22	0	0
1988	6	23	0	0.8
1988	6	24	0	1.2
1988	6	25	28	26
1988	6	26	31	26.8
1988	6	27	4	0
1988	6	28	0	7.6
1988	6	29	7	0.4
1988	6	30	0	6.4
1988	7	1	4	2.4
1988	7	2	0	1.4
1988	7	3	0	0
1988	7	4	0	0.2
1988	7	5	0	0.2
1988	7	6	0	0
1988	7	7	0	0
1988	7	8	0	0
1988	7	9	0	0
1988	7	10	0	0
1988	7	11	0	0
1988	7	12	0	0
1988	7	13	0	0
1988	7	14	0	0
1988	7	15	0	0
1988	7	16	0	1.4
1988	7	17	0	0
1988	7	18	0	0
1988	7	19	0	0
1988	7	20	0	0
1988	7	21	0	0
1988	7	22	0	0
1988	7	23	0	0
1988	7	24	0	2
1988	7	25	0	0
1988	7	26	0	0
1988	7	27	0	0
1988	7	28	0	0
1988	7	29	0	0
1988	7	30	0	0.6
1988	7	31	0	0
1988	8	1	0	0
1988	8	2	0	0
1988	8	3	0	0
1988	8	4	14	15.2
1988	8	5	0	0.2
1988	8	6	0	0
1988	8	7	0	0
1988	8	8	0	0
1988	8	9	0	0
1988	8	10	0	0
1988	8	11	15	0
1988	8	12	0	16.8
1988	8	13	0	0
1988	8	14	0	0
1988	8	15	0	0
1988	8	16	0	0.2
1988	8	17	0	0
1988	8	18	0	0
1988	8	19	0	0
1988	8	20	0	0
1988	8	21	0	0
1988	8	22	9	33
1988	8	23	0	0.8
1988	8	24	0	0
1988	8	25	0	0
1988	8	26	0	0
1988	8	27	0	0
1988	8	28	0	0
1988	8	29	0	1
1988	8	30	0	0.2
1988	8	31	0	0
1988	9	1	0	0
1988	9	2	8	7.6
1988	9	3	0	0
1988	9	4	0	0
1988	9	5	0	0
1988	9	6	0	0
1988	9	7	0	0
1988	9	8	0	0.2
1988	9	9	0	0
1988	9	10	0	0
1988	9	11	0	0
1988	9	12	0	0
1988	9	13	0	0
1988	9	14	0	0
1988	9	15	0	1.6
1988	9	16	5	0
1988	9	17	0	0.8
1988	9	18	0	0
1988	9	19	0	0
1988	9	20	0	0
1988	9	21	0	0
1988	9	22	0	0
1988	9	23	0	0
1988	9	24	0	0
1988	9	25	0	0
1988	9	26	0	0.2
1988	9	27	0	0
1988	9	28	0	0
1988	9	29	0	0
1988	9	30	0	0
1988	10	1	0	0
1988	10	2	0	0
1988	10	3	70	5.4
1988	10	4	0	0
1988	10	5	50	2.4
1988	10	6	0	1.2
1988	10	7	0	0
1988	10	8	0	0
1988	10	9	0	0
1988	10	10	0	0
1988	10	11	0	0.4
1988	10	12	39	24.4
1988	10	13	0	12.6
1988	10	14	82	63.4
1988	10	15	16	12.8
1988	10	16	0	0.8
1988	10	17	0	0.2
1988	10	18	0	0
1988	10	19	0	3
1988	10	20	6	5
1988	10	21	15	7
1988	10	22	0	0
1988	10	23	0	0
1988	10	24	0	0
1988	10	25	0	0
1988	10	26	0	0
1988	10	27	0	0.2
1988	10	28	0	0
1988	10	29	0	0
1988	10	30	0	0
1988	10	31	11	5
1988	11	1	0	1.8
1988	11	2	0	0
1988	11	3	0	0
1988	11	4	11	0
1988	11	5	0	4.8
1988	11	6	0	0
1988	11	7	0	0
1988	11	8	0	0
1988	11	9	0	1
1988	11	10	0	0
1988	11	11	0	0
1988	11	12	0	0
1988	11	13	0	0
1988	11	14	0	0
1988	11	15	0	0
1988	11	16	0	0
1988	11	17	0	0
1988	11	18	0	0
1988	11	19	0	0
1988	11	20	0	0
1988	11	21	0	0
1988	11	22	0	0
1988	11	23	0	0
1988	11	24	0	0
1988	11	25	0	0
1988	11	26	0	0
1988	11	27	0	0
1988	11	28	0	0
1988	11	29	0	0
1988	11	30	0	0
1988	12	1	0	6.4
1988	12	2	61	40.8
1988	12	3	0	0.2
1988	12	4	0	0
1988	12	5	0	0
1988	12	6	0	0
1988	12	7	0	0
1988	12	8	0	0
1988	12	9	0	0
1988	12	10	0	0
1988	12	11	0	0
1988	12	12	0	0
1988	12	13	0	0.4
1988	12	14	0	0
1988	12	15	0	0
1988	12	16	0	0
1988	12	17	0	0
1988	12	18	0	0
1988	12	19	0	0
1988	12	20	0	0
1988	12	21	0	0
1988	12	22	0	0
1988	12	23	0	0
1988	12	24	0	0
1988	12	25	0	0
1988	12	26	0	0
1988	12	27	0	0
1988	12	28	0	0
1988	12	29	0	0
1988	12	30	0	0
1988	12	31	0	0
1989	1	1	0	0
1989	1	2	0	0
1989	1	3	0	0
1989	1	4	0	0
1989	1	5	0	0
1989	1	6	0	0
1989	1	7	0	0
1989	1	8	0	0
1989	1	9	0	0
1989	1	10	0	0
1989	1	11	0	0
1989	1	12	0	0
1989	1	13	0	0
1989	1	14	0	0
1989	1	15	0	0
1989	1	16	0	0
1989	1	17	0	0
1989	1	18	0	0
1989	1	19	0	0
1989	1	20	0	0
1989	1	21	0	0
1989	1	22	4	0
1989	1	23	0	2.4
1989	1	24	2	0
1989	1	25	0	0
1989	1	26	0	0
1989	1	27	0	0
1989	1	28	0	0
1989	1	29	0	0
1989	1	30	0	0
1989	1	31	0	0
1989	2	1	0	0
1989	2	2	0	0
1989	2	3	0	0
1989	2	4	0	0
1989	2	5	0	0
1989	2	6	0	0
1989	2	7	0	0
1989	2	8	0	0
1989	2	9	0	0
1989	2	10	0	0
1989	2	11	0	0
1989	2	12	0	0
1989	2	13	0	0
1989	2	14	0	0
1989	2	15	0	0
1989	2	16	0	0
1989	2	17	0	0
1989	2	18	0	0
1989	2	19	0	0
1989	2	20	0	0
1989	2	21	0	0
1989	2	22	3	0
1989	2	23	0	1.4
1989	2	24	42	31.8
1989	2	25	8	5.6
1989	2	26	0	3.2
1989	2	27	0	0
1989	2	28	0	0
1989	3	1	0	0
1989	3	2	0	0
1989	3	3	0	0
1989	3	4	0	0
1989	3	5	0	0
1989	3	6	0	0
1989	3	7	0	0
1989	3	8	0	0
1989	3	9	0	0.2
1989	3	10	0	0
1989	3	11	0	0
1989	3	12	0	0
1989	3	13	0	0
1989	3	14	0	1
1989	3	15	0	0
1989	3	16	0	0
1989	3	17	0	6.8
1989	3	18	14	2.6
1989	3	19	4	0
1989	3	20	0	0
1989	3	21	0	2.4
1989	3	22	0	0
1989	3	23	0	0
1989	3	24	0	0
1989	3	25	0	0
1989	3	26	0	0
1989	3	27	0	0
1989	3	28	0	0
1989	3	29	0	0
1989	3	30	0	0
1989	3	31	0	0
1989	4	1	5	4.6
1989	4	2	0	0
1989	4	3	0	0
1989	4	4	84	49.4
1989	4	5	0	17
1989	4	6	0	0
1989	4	7	2	0
1989	4	8	0	0.4
1989	4	9	0	0.4
1989	4	10	0	0
1989	4	11	33	22
1989	4	12	0	2.6
1989	4	13	0	44.4
1989	4	14	128	62.8
1989	4	15	0	3
1989	4	16	18	0
1989	4	17	0	19
1989	4	18	0	0
1989	4	19	8	0
1989	4	20	0	0
1989	4	21	18	18.6
1989	4	22	0	2
1989	4	23	0	0
1989	4	24	0	0
1989	4	25	0	9.6
1989	4	26	84	55
1989	4	27	0	7.6
1989	4	28	0	2.2
1989	4	29	16	8.2
1989	4	30	0	0
1989	5	1	0	0
1989	5	2	0	0
1989	5	3	0	0
1989	5	4	0	0
1989	5	5	0	0
1989	5	6	0	0
1989	5	7	0	0
1989	5	8	0	0
1989	5	9	0	0
1989	5	10	0	0
1989	5	11	0	0
1989	5	12	0	0.2
1989	5	13	0	0
1989	5	14	0	1
1989	5	15	0	0
1989	5	16	0	0
1989	5	17	0	0
1989	5	18	0	0.2
1989	5	19	0	0
1989	5	20	0	1.8
1989	5	21	15	0
1989	5	22	0	12.4
1989	5	23	0	0.2
1989	5	24	0	0
1989	5	25	0	0
1989	5	26	0	0
1989	5	27	0	0
1989	5	28	0	0
1989	5	29	44	0
1989	5	30	0	25.8
1989	5	31	0	0
1989	6	1	12	0
1989	6	2	0	8.4
1989	6	3	0	0.8
1989	6	4	0	0.6
1989	6	5	210	0.6
1989	6	6	0	35.6
1989	6	7	0	0
1989	6	8	0	0
1989	6	9	0	0.2
1989	6	10	0	0
1989	6	11	0	2.2
1989	6	12	0	0
1989	6	13	0	0.8
1989	6	14	0	0
1989	6	15	0	0
1989	6	16	0	0
1989	6	17	0	0
1989	6	18	0	0
1989	6	19	0	0
1989	6	20	0	0
1989	6	21	0	0
1989	6	22	0	0
1989	6	23	0	0
1989	6	24	0	0
1989	6	25	5	0
1989	6	26	0	5.6
1989	6	27	0	0
1989	6	28	0	0.2
1989	6	29	11	17.6
1989	6	30	0	0.2
1989	7	1	4	0
1989	7	2	4	3
1989	7	3	3	2.4
1989	7	4	0	0.2
1989	7	5	0	4.8
1989	7	6	0	0
1989	7	7	0	2.6
1989	7	8	13	1.6
1989	7	9	0	4
1989	7	10	0	0
1989	7	11	9	0.2
1989	7	12	0	3.6
1989	7	13	0	0
1989	7	14	6	0
1989	7	15	0	15.8
1989	7	16	0	0
1989	7	17	0	0
1989	7	18	0	0.2
1989	7	19	0	0
1989	7	20	0	0
1989	7	21	0	0
1989	7	22	0	0
1989	7	23	0	0
1989	7	24	0	0.6
1989	7	25	310	0
1989	7	26	0	19.4
1989	7	27	0	0
1989	7	28	0	0
1989	7	29	0	0
1989	7	30	0	0
1989	7	31	0	0
1989	8	1	0	0
1989	8	2	0	0
1989	8	3	0	0
1989	8	4	0	0
1989	8	5	0	0
1989	8	6	0	0.2
1989	8	7	0	0
1989	8	8	0	0
1989	8	9	0	0
1989	8	10	4	0
1989	8	11	0	1.4
1989	8	12	0	0
1989	8	13	0	0
1989	8	14	0	0
1989	8	15	0	0.6
1989	8	16	0	0
1989	8	17	0	0
1989	8	18	0	0
1989	8	19	0	0
1989	8	20	3	0
1989	8	21	2	0.2
1989	8	22	0	0.6
1989	8	23	0	0
1989	8	24	0	0
1989	8	25	0	0
1989	8	26	0	0
1989	8	27	0	0
1989	8	28	0	0
1989	8	29	0	0.2
1989	8	30	0	0
1989	8	31	0	0
1989	9	1	0	0
1989	9	2	19	14.4
1989	9	3	0	3.2
1989	9	4	0	0
1989	9	5	0	0
1989	9	6	0	0
1989	9	7	0	0
1989	9	8	0	0
1989	9	9	0	1.4
1989	9	10	38	0
1989	9	11	0	15.2
1989	9	12	0	0
1989	9	13	0	0
1989	9	14	0	0
1989	9	15	0	0
1989	9	16	0	0
1989	9	17	0	0
1989	9	18	0	0
1989	9	19	34	0
1989	9	20	0	39.4
1989	9	21	0	0
1989	9	22	0	0
1989	9	23	5	0
1989	9	24	0	5.8
1989	9	25	0	0
1989	9	26	47	20.4
1989	9	27	0	11.4
1989	9	28	0	0
1989	9	29	0	0
1989	9	30	0	0
1989	10	1	0	0
1989	10	2	0	0
1989	10	3	0	0.2
1989	10	4	0	0
1989	10	5	0	0
1989	10	6	0	0
1989	10	7	0	0
1989	10	8	5	1
1989	10	9	0	3
1989	10	10	0	0
1989	10	11	0	0
1989	10	12	0	0
1989	10	13	0	0
1989	10	14	0	0
1989	10	15	0	0
1989	10	16	0	0
1989	10	17	0	0.2
1989	10	18	0	0.2
1989	10	19	7	0.2
1989	10	20	0	6.8
1989	10	21	0	0
1989	10	22	0	0.2
1989	10	23	0	0
1989	10	24	0	0
1989	10	25	0	0.2
1989	10	26	0	0
1989	10	27	0	0
1989	10	28	3	0
1989	10	29	0	1.4
1989	10	30	0	0
1989	10	31	0	0.2
1989	11	1	0	0
1989	11	2	0	0
1989	11	3	12	0
1989	11	4	0	11.8
1989	11	5	0	0
1989	11	6	2	2.6
1989	11	7	0	0
1989	11	8	0	0
1989	11	9	0	0
1989	11	10	0	0
1989	11	11	0	0
1989	11	12	0	0
1989	11	13	0	0
1989	11	14	0	0
1989	11	15	0	0
1989	11	16	0	0
1989	11	17	13	0.2
1989	11	18	0	5.6
1989	11	19	0	1.4
1989	11	20	0	0
1989	11	21	0	0
1989	11	22	7	2.8
1989	11	23	0	1.2
1989	11	24	5	1
1989	11	25	0	0
1989	11	26	0	0
1989	11	27	0	0
1989	11	28	0	0
1989	11	29	0	0
1989	11	30	0	0
1989	12	1	0	0
1989	12	2	0	0
1989	12	3	0	0
1989	12	4	0	0
1989	12	5	0	0
1989	12	6	0	0
1989	12	7	0	0
1989	12	8	0	0
1989	12	9	0	0
1989	12	10	0	0
1989	12	11	0	0
1989	12	12	0	0
1989	12	13	0	0
1989	12	14	0	0
1989	12	15	0	0
1989	12	16	0	0
1989	12	17	5	3.8
1989	12	18	16	0
1989	12	19	0	12.2
1989	12	20	0	0
1989	12	21	0	0
1989	12	22	0	0
1989	12	23	0	2.6
1989	12	24	0	0
1989	12	25	0	0
1989	12	26	0	0
1989	12	27	0	0
1989	12	28	0	0
1989	12	29	0	0
1989	12	30	0	0
1989	12	31	0	0
1990	1	1	0	0
1990	1	2	0	0
1990	1	3	0	0
1990	1	4	0	0
1990	1	5	0	0
1990	1	6	0	0
1990	1	7	0	0
1990	1	8	0	0
1990	1	9	0	0
1990	1	10	0	0
1990	1	11	0	0
1990	1	12	0	0
1990	1	13	0	0
1990	1	14	0	0
1990	1	15	0	0
1990	1	16	0	0
1990	1	17	0	0
1990	1	18	0	0
1990	1	19	0	0
1990	1	20	0	0
1990	1	21	0	0
1990	1	22	0	0
1990	1	23	0	0
1990	1	24	0	0
1990	1	25	0	0
1990	1	26	0	0
1990	1	27	0	0
1990	1	28	3	0
1990	1	29	0	1
1990	1	30	0	0
1990	1	31	0	0
1990	2	1	0	0.2
1990	2	2	0	0
1990	2	3	0	0
1990	2	4	0	0
1990	2	5	0	0
1990	2	6	0	0
1990	2	7	0	0
1990	2	8	0	0
1990	2	9	0	0
1990	2	10	0	0
1990	2	11	0	0
1990	2	12	0	0
1990	2	13	0	0
1990	2	14	0	0
1990	2	15	0	0
1990	2	16	0	0
1990	2	17	0	0
1990	2	18	0	0
1990	2	19	0	0
1990	2	20	0	0
1990	2	21	0	0
1990	2	22	0	0
1990	2	23	0	0
1990	2	24	0	0
1990	2	25	0	0
1990	2	26	0	0
1990	2	27	0	0
1990	2	28	0	0
1990	3	1	0	0
1990	3	2	0	0
1990	3	3	0	0
1990	3	4	0	0
1990	3	5	0	0
1990	3	6	0	0
1990	3	7	0	0
1990	3	8	0	0
1990	3	9	5	1.2
1990	3	10	0	2.4
1990	3	11	0	0
1990	3	12	0	0
1990	3	13	0	0
1990	3	14	0	0
1990	3	15	0	0.2
1990	3	16	0	0
1990	3	17	0	0
1990	3	18	7	0.6
1990	3	19	0	2.8
1990	3	20	0	0
1990	3	21	0	0
1990	3	22	0	0
1990	3	23	0	0
1990	3	24	7	3.4
1990	3	25	0	3
1990	3	26	5	4
1990	3	27	0	1.8
1990	3	28	15	10.4
1990	3	29	4	2.6
1990	3	30	0	0
1990	3	31	0	0.4
1990	4	1	0	0
1990	4	2	0	0
1990	4	3	1	6.6
1990	4	4	0	1
1990	4	5	0	0
1990	4	6	27	11.2
1990	4	7	0	14
1990	4	8	13	0
1990	4	9	16	29.6
1990	4	10	0	0.2
1990	4	11	0	0
1990	4	12	0	0
1990	4	13	0	0
1990	4	14	0	0.4
1990	4	15	13	10.8
1990	4	16	0	0
1990	4	17	0	0
1990	4	18	30	14
1990	4	19	0	10.6
1990	4	20	12	7.6
1990	4	21	62	43.2
1990	4	22	28	9.6
1990	4	23	0	13
1990	4	24	0	0
1990	4	25	0	0
1990	4	26	0	0
1990	4	27	0	1.6
1990	4	28	0	0
1990	4	29	0	0
1990	4	30	0	0
1990	5	1	0	0
1990	5	2	0	0
1990	5	3	0	0
1990	5	4	0	0
1990	5	5	0	0
1990	5	6	0	0
1990	5	7	0	0
1990	5	8	0	0
1990	5	9	0	0
1990	5	10	14	0
1990	5	11	13	20.8
1990	5	12	0	6.2
1990	5	13	0	0
1990	5	14	0	0.6
1990	5	15	0	0
1990	5	16	2	1.8
1990	5	17	0	0
1990	5	18	0	0
1990	5	19	11	1.6
1990	5	20	16	15.2
1990	5	21	3	11.6
1990	5	22	0	1
1990	5	23	0	0.6
1990	5	24	32	37.8
1990	5	25	13	13.4
1990	5	26	20	6.2
1990	5	27	0	8.2
1990	5	28	19	16.4
1990	5	29	0	3.2
1990	5	30	0	1.6
1990	5	31	0	0
1990	6	1	0	0
1990	6	2	0	0
1990	6	3	0	0
1990	6	4	0	0
1990	6	5	0	1.6
1990	6	6	0	1.6
1990	6	7	0	0.4
1990	6	8	0	0
1990	6	9	0	0
1990	6	10	0	0
1990	6	11	0	0
1990	6	12	17	20.6
1990	6	13	0	0.2
1990	6	14	0	0.2
1990	6	15	0	6.4
1990	6	16	0	0.2
1990	6	17	0	0
1990	6	18	0	0.2
1990	6	19	6	8.8
1990	6	20	0	0
1990	6	21	0	0
1990	6	22	0	0
1990	6	23	0	0
1990	6	24	0	0
1990	6	25	0	0
1990	6	26	0	0
1990	6	27	31	0
1990	6	28	0	19.4
1990	6	29	12	0.4
1990	6	30	0	8.4
1990	7	1	0	0
1990	7	2	0	0
1990	7	3	0	0
1990	7	4	0	0
1990	7	5	0	0
1990	7	6	0	0
1990	7	7	0	0
1990	7	8	0	0
1990	7	9	0	0
1990	7	10	14	0
1990	7	11	0	10.6
1990	7	12	0	0
1990	7	13	0	0
1990	7	14	0	0
1990	7	15	0	0.4
1990	7	16	0	0
1990	7	17	0	2.8
1990	7	18	0	0
1990	7	19	0	0
1990	7	20	0	0
1990	7	21	0	0
1990	7	22	0	0
1990	7	23	0	0
1990	7	24	6	0
1990	7	25	0	4.2
1990	7	26	0	0
1990	7	27	0	0.4
1990	7	28	0	0
1990	7	29	5	0
1990	7	30	0	4.2
1990	7	31	0	0
1990	8	1	0	0
1990	8	2	0	0
1990	8	3	0	0
1990	8	4	0	0
1990	8	5	0	0
1990	8	6	4	0
1990	8	7	43	13
1990	8	8	26	41.8
1990	8	9	0	0
1990	8	10	0	0
1990	8	11	0	0
1990	8	12	0	0
1990	8	13	0	0
1990	8	14	0	0
1990	8	15	0	1.4
1990	8	16	0	0
1990	8	17	0	0
1990	8	18	0	2
1990	8	19	0	0
1990	8	20	0	0
1990	8	21	0	0
1990	8	22	0	0
1990	8	23	0	0
1990	8	24	0	0
1990	8	25	0	0
1990	8	26	0	0
1990	8	27	48	14.8
1990	8	28	0	24.8
1990	8	29	0	0
1990	8	30	0	0
1990	8	31	3	2.6
1990	9	1	0	0
1990	9	2	0	0
1990	9	3	0	0
1990	9	4	0	0
1990	9	5	0	0
1990	9	6	0	0
1990	9	7	0	0
1990	9	8	0	0
1990	9	9	0	0
1990	9	10	0	0
1990	9	11	0	0
1990	9	12	0	0
1990	9	13	0	0
1990	9	14	0	0
1990	9	15	0	0
1990	9	16	0	0
1990	9	17	0	0
1990	9	18	0	0
1990	9	19	0	0
1990	9	20	0	0
1990	9	21	0	0
1990	9	22	0	0
1990	9	23	0	0
1990	9	24	0	0
1990	9	25	0	0
1990	9	26	12	11
1990	9	27	0	0
1990	9	28	0	0
1990	9	29	0	0
1990	9	30	0	0
1990	10	1	4	0.4
1990	10	2	0	2
1990	10	3	18	0
1990	10	4	30	15.8
1990	10	5	0	28.6
1990	10	6	0	0
1990	10	7	0	0
1990	10	8	0	0.6
1990	10	9	4	0
1990	10	10	0	2.8
1990	10	11	0	0
1990	10	12	12	6.6
1990	10	13	0	5
1990	10	14	0	0
1990	10	15	0	0
1990	10	16	43	1.8
1990	10	17	0	36
1990	10	18	0	2.4
1990	10	19	0	0.4
1990	10	20	32	25
1990	10	21	0	3
1990	10	22	13	1.2
1990	10	23	13	9.8
1990	10	24	0	10.4
1990	10	25	3	1
1990	10	26	0	0.8
1990	10	27	0	0.2
1990	10	28	0	0
1990	10	29	2	1
1990	10	30	0	0
1990	10	31	0	0
1990	11	1	0	0.4
1990	11	2	0	0
1990	11	3	0	0
1990	11	4	0	0
1990	11	5	0	0
1990	11	6	0	0
1990	11	7	0	0
1990	11	8	0	0
1990	11	9	0	0
1990	11	10	0	0
1990	11	11	0	0
1990	11	12	0	0
1990	11	13	0	0
1990	11	14	0	0
1990	11	15	0	0
1990	11	16	0	0
1990	11	17	0	0
1990	11	18	0	0
1990	11	19	0	0
1990	11	20	0	0
1990	11	21	0	0
1990	11	22	8	0.2
1990	11	23	0	6
1990	11	24	0	0
1990	11	25	40	31
1990	11	26	0	4.8
1990	11	27	6	1.4
1990	11	28	0	0
1990	11	29	0	0
1990	11	30	0	0
1990	12	1	0	0
1990	12	2	0	0
1990	12	3	0	0
1990	12	4	0	0
1990	12	5	0	0
1990	12	6	0	0
1990	12	7	0	0
1990	12	8	0	0
1990	12	9	54	33.8
1990	12	10	0	23
1990	12	11	12	4.2
1990	12	12	0	2.6
1990	12	13	80	0
1990	12	14	0	0
1990	12	15	0	0
1990	12	16	0	0
1990	12	17	0	0
1990	12	18	0	0
1990	12	19	0	0
1990	12	20	0	0
1990	12	21	0	0
1990	12	22	0	0
1990	12	23	0	0
1990	12	24	0	0
1990	12	25	0	0
1990	12	26	0	0
1990	12	27	0	0
1990	12	28	0	0
1990	12	29	0	0
1990	12	30	0	0
1990	12	31	0	NA
1991	1	1	0	0
1991	1	2	0	0
1991	1	3	0	0
1991	1	4	0	0
1991	1	5	0	0
1991	1	6	0	0
1991	1	7	0	0
1991	1	8	0	0
1991	1	9	0	0
1991	1	10	0	0
1991	1	11	0	0
1991	1	12	0	0
1991	1	13	0	2
1991	1	14	72	19
1991	1	15	0	37
1991	1	16	2	1.4
1991	1	17	0	0.2
1991	1	18	0	0
1991	1	19	0	0
1991	1	20	0	0
1991	1	21	0	0
1991	1	22	0	0
1991	1	23	0	0
1991	1	24	0	0
1991	1	25	0	0
1991	1	26	0	0
1991	1	27	0	0
1991	1	28	0	0
1991	1	29	0	0
1991	1	30	0	0
1991	1	31	0	0
1991	2	1	0	0
1991	2	2	0	0
1991	2	3	0	0
1991	2	4	0	0
1991	2	5	0	0
1991	2	6	16	3.6
1991	2	7	0	0.2
1991	2	8	0	4.4
1991	2	9	0	0
1991	2	10	0	0
1991	2	11	0	0
1991	2	12	0	0
1991	2	13	0	0
1991	2	14	0	0
1991	2	15	0	0
1991	2	16	0	0
1991	2	17	0	0
1991	2	18	0	0
1991	2	19	0	0
1991	2	20	0	0
1991	2	21	0	0
1991	2	22	0	0
1991	2	23	0	0
1991	2	24	0	0
1991	2	25	0	0
1991	2	26	0	0
1991	2	27	0	0
1991	2	28	0	0
1991	3	1	17	11
1991	3	2	0	2.8
1991	3	3	0	0
1991	3	4	0	0
1991	3	5	0	0
1991	3	6	0	4.2
1991	3	7	0	13.6
1991	3	8	104	27.2
1991	3	9	0	37.4
1991	3	10	0	0
1991	3	11	0	0
1991	3	12	17	19.4
1991	3	13	0	0.4
1991	3	14	0	0
1991	3	15	0	0
1991	3	16	0	0
1991	3	17	14	0
1991	3	18	0	9.6
1991	3	19	0	0
1991	3	20	0	0
1991	3	21	0	0
1991	3	22	2	0
1991	3	23	0	2.2
1991	3	24	0	15
1991	3	25	124	66.2
1991	3	26	0	24.4
1991	3	27	0	0
1991	3	28	19	4
1991	3	29	0	15
1991	3	30	0	0
1991	3	31	0	0
1991	4	1	0	0
1991	4	2	0	0
1991	4	3	0	0
1991	4	4	0	0
1991	4	5	0	2.2
1991	4	6	62	50.6
1991	4	7	0	2.4
1991	4	8	0	0
1991	4	9	0	0
1991	4	10	0	0
1991	4	11	0	0
1991	4	12	0	0
1991	4	13	0	0
1991	4	14	0	0
1991	4	15	0	0
1991	4	16	0	0
1991	4	17	0	0
1991	4	18	52	14.6
1991	4	19	0	28.4
1991	4	20	0	0
1991	4	21	12	5.2
1991	4	22	0	2.8
1991	4	23	5	4.8
1991	4	24	0	0.4
1991	4	25	0	0
1991	4	26	78	17.6
1991	4	27	0	54.8
1991	4	28	7	0
1991	4	29	0	6.8
1991	4	30	0	0
1991	5	1	0	0
1991	5	2	0	32
1991	5	3	112	48.2
1991	5	4	31	39.2
1991	5	5	0	11.8
1991	5	6	0	0.4
1991	5	7	0	0.2
1991	5	8	0	0
1991	5	9	0	2.4
1991	5	10	72	49.4
1991	5	11	0	9.6
1991	5	12	0	0
1991	5	13	0	0
1991	5	14	0	0
1991	5	15	0	0
1991	5	16	2	0.6
1991	5	17	0	0.2
1991	5	18	0	0.2
1991	5	19	0	0
1991	5	20	0	0
1991	5	21	0	0
1991	5	22	0	0
1991	5	23	0	0
1991	5	24	0	3.6
1991	5	25	0	2.4
1991	5	26	0	0
1991	5	27	0	0
1991	5	28	0	0
1991	5	29	0	0
1991	5	30	0	0
1991	5	31	0	2.6
1991	6	1	0	0
1991	6	2	12	0
1991	6	3	0	6.4
1991	6	4	0	0
1991	6	5	0	0
1991	6	6	13	4.2
1991	6	7	5	4
1991	6	8	0	4.2
1991	6	9	0	0
1991	6	10	0	0
1991	6	11	0	2.4
1991	6	12	0	0
1991	6	13	0	0
1991	6	14	0	0
1991	6	15	0	0
1991	6	16	7	0
1991	6	17	0	3.6
1991	6	18	0	0.2
1991	6	19	0	1.6
1991	6	20	0	0
1991	6	21	0	0
1991	6	22	0	0
1991	6	23	0	0
1991	6	24	0	6.4
1991	6	25	0	0
1991	6	26	0	0
1991	6	27	0	0.6
1991	6	28	0	0
1991	6	29	0	0
1991	6	30	0	0
1991	7	1	0	0
1991	7	2	0	0
1991	7	3	0	0
1991	7	4	0	0
1991	7	5	0	0
1991	7	6	0	0
1991	7	7	0	0
1991	7	8	0	0
1991	7	9	0	0
1991	7	10	4	0
1991	7	11	0	0.4
1991	7	12	0	0
1991	7	13	0	0
1991	7	14	0	0
1991	7	15	0	0
1991	7	16	0	0
1991	7	17	0	0
1991	7	18	0	0
1991	7	19	0	0
1991	7	20	0	0
1991	7	21	0	0
1991	7	22	0	0
1991	7	23	0	0
1991	7	24	0	1.2
1991	7	25	0	0
1991	7	26	0	0
1991	7	27	0	0
1991	7	28	0	0
1991	7	29	0	0
1991	7	30	0	0
1991	7	31	0	2
1991	8	1	0	2.6
1991	8	2	0	0
1991	8	3	0	0
1991	8	4	0	0
1991	8	5	0	0.4
1991	8	6	0	0
1991	8	7	0	0
1991	8	8	0	0
1991	8	9	0	0
1991	8	10	0	0
1991	8	11	0	0
1991	8	12	0	0
1991	8	13	0	0
1991	8	14	0	0
1991	8	15	0	0
1991	8	16	4	0
1991	8	17	0	1.2
1991	8	18	0	0
1991	8	19	0	0
1991	8	20	0	0
1991	8	21	0	0
1991	8	22	0	0
1991	8	23	2	0.8
1991	8	24	0	0
1991	8	25	0	0
1991	8	26	0	0
1991	8	27	0	0
1991	8	28	0	0
1991	8	29	0	0.8
1991	8	30	0	0
1991	8	31	0	0
1991	9	1	4	0
1991	9	2	0	3.6
1991	9	3	0	0
1991	9	4	0	0
1991	9	5	0	0
1991	9	6	0	0
1991	9	7	0	0
1991	9	8	0	0
1991	9	9	0	0.8
1991	9	10	0	0
1991	9	11	0	0
1991	9	12	5	0
1991	9	13	0	7
1991	9	14	11	10
1991	9	15	0	0
1991	9	16	0	0
1991	9	17	0	0
1991	9	18	0	0
1991	9	19	0	0
1991	9	20	0	0
1991	9	21	0	0.2
1991	9	22	0	1
1991	9	23	0	0.2
1991	9	24	0	0
1991	9	25	0	0
1991	9	26	18	17.2
1991	9	27	0	0
1991	9	28	0	0
1991	9	29	74	18
1991	9	30	0	51.4
1991	10	1	0	0.8
1991	10	2	0	0
1991	10	3	0	0
1991	10	4	0	0
1991	10	5	0	0
1991	10	6	49	14.8
1991	10	7	0	30.2
1991	10	8	36	27.8
1991	10	9	0	0.2
1991	10	10	0	0
1991	10	11	0	0
1991	10	12	45	39.6
1991	10	13	0	5.6
1991	10	14	24	14.2
1991	10	15	0	4.4
1991	10	16	0	1
1991	10	17	0	0
1991	10	18	0	0
1991	10	19	0	0
1991	10	20	0	0
1991	10	21	0	0
1991	10	22	0	0
1991	10	23	0	0
1991	10	24	0	0
1991	10	25	0	0
1991	10	26	0	0
1991	10	27	6	2
1991	10	28	0	1
1991	10	29	0	0.6
1991	10	30	0	0.2
1991	10	31	4	1.8
1991	11	1	0	0
1991	11	2	0	0
1991	11	3	0	0
1991	11	4	0	0
1991	11	5	0	0.4
1991	11	6	0	0
1991	11	7	0	0
1991	11	8	0	0
1991	11	9	0	0
1991	11	10	0	0
1991	11	11	0	0
1991	11	12	0	0
1991	11	13	11	0
1991	11	14	0	8.2
1991	11	15	3	0
1991	11	16	0	1.8
1991	11	17	0	0
1991	11	18	0	0
1991	11	19	0	1
1991	11	20	6	3
1991	11	21	0	2
1991	11	22	0	0
1991	11	23	0	0
1991	11	24	9	9.2
1991	11	25	0	0
1991	11	26	0	0
1991	11	27	0	0
1991	11	28	0	0.2
1991	11	29	0	0
1991	11	30	0	0.2
1991	12	1	0	0
1991	12	2	0	0
1991	12	3	0	0
1991	12	4	0	0
1991	12	5	0	0
1991	12	6	0	0
1991	12	7	0	0
1991	12	8	0	0
1991	12	9	0	0
1991	12	10	0	0
1991	12	11	0	0
1991	12	12	0	0
1991	12	13	0	0
1991	12	14	0	0
1991	12	15	0	0
1991	12	16	0	0
1991	12	17	0	0
1991	12	18	0	0
1991	12	19	0	0
1991	12	20	0	0
1991	12	21	0	0
1991	12	22	0	0
1991	12	23	0	0
1991	12	24	0	0
1991	12	25	0	0
1991	12	26	0	0
1991	12	27	0	0
1991	12	28	0	0
1991	12	29	0	0
1991	12	30	0	0
1991	12	31	0	0
1992	1	1	0	0
1992	1	2	0	0
1992	1	3	0	0
1992	1	4	0	0
1992	1	5	0	0
1992	1	6	0	0
1992	1	7	0	0
1992	1	8	0	0
1992	1	9	0	0
1992	1	10	7	0.8
1992	1	11	0	8.6
1992	1	12	0	2.8
1992	1	13	0	0
1992	1	14	0	0
1992	1	15	0	0
1992	1	16	0	0
1992	1	17	0	0
1992	1	18	0	0
1992	1	19	0	0
1992	1	20	0	0.2
1992	1	21	52	0
1992	1	22	0	0
1992	1	23	14	1
1992	1	24	0	0.6
1992	1	25	34	55
1992	1	26	0	11
1992	1	27	0	0
1992	1	28	0	0.2
1992	1	29	0	0
1992	1	30	0	0
1992	1	31	0	0
1992	2	1	0	0
1992	2	2	0	0
1992	2	3	0	0
1992	2	4	4	0
1992	2	5	0	0
1992	2	6	0	0
1992	2	7	0	0
1992	2	8	0	0
1992	2	9	0	0
1992	2	10	0	0
1992	2	11	0	0
1992	2	12	0	0
1992	2	13	14	0
1992	2	14	0	9.2
1992	2	15	0	4
1992	2	16	0	0
1992	2	17	0	0
1992	2	18	0	0
1992	2	19	0	0
1992	2	20	0	0
1992	2	21	0	0
1992	2	22	0	0
1992	2	23	0	0
1992	2	24	0	0
1992	2	25	0	0
1992	2	26	0	0
1992	2	27	8	5.6
1992	2	28	0	2.4
1992	2	29	0	0
1992	3	1	0	0
1992	3	2	0	0
1992	3	3	0	0
1992	3	4	0	0
1992	3	5	2	0
1992	3	6	0	1.8
1992	3	7	0	0.6
1992	3	8	0	0
1992	3	9	0	0.6
1992	3	10	0	0
1992	3	11	0	0
1992	3	12	0	0
1992	3	13	0	0
1992	3	14	0	0
1992	3	15	0	0
1992	3	16	0	0
1992	3	17	0	0
1992	3	18	0	0
1992	3	19	0	0
1992	3	20	0	0
1992	3	21	0	0
1992	3	22	0	0
1992	3	23	0	0
1992	3	24	7	7
1992	3	25	16.1	12.8
1992	3	26	0	3.6
1992	3	27	15	0
1992	3	28	0	11.6
1992	3	29	0	0
1992	3	30	0	0
1992	3	31	36.7	20.4
1992	4	1	4	29
1992	4	2	0	0
1992	4	3	3	0
1992	4	4	0	5
1992	4	5	49	19
1992	4	6	0	16.4
1992	4	7	0	0.6
1992	4	8	32	11.4
1992	4	9	2	15.8
1992	4	10	0	0.4
1992	4	11	0	0
1992	4	12	0	0
1992	4	13	2	0.4
1992	4	14	0	0
1992	4	15	2	0.4
1992	4	16	9	1.8
1992	4	17	0	8.4
1992	4	18	0	0
1992	4	19	0	0
1992	4	20	0	0
1992	4	21	0	0
1992	4	22	0	0
1992	4	23	0	0
1992	4	24	0	0
1992	4	25	0	0
1992	4	26	0	0
1992	4	27	0	0
1992	4	28	0	0
1992	4	29	3	2.6
1992	4	30	0	2.2
1992	5	1	0	0.6
1992	5	2	5	0
1992	5	3	7	4.4
1992	5	4	0	2.2
1992	5	5	0	0
1992	5	6	0	0
1992	5	7	0	0.2
1992	5	8	0	0
1992	5	9	0	0
1992	5	10	0	0
1992	5	11	0	0
1992	5	12	0	0.2
1992	5	13	0	0
1992	5	14	0	0
1992	5	15	0	0
1992	5	16	0	0
1992	5	17	28	0
1992	5	18	0	25
1992	5	19	6	2.2
1992	5	20	0	8.8
1992	5	21	0	35.8
1992	5	22	71	18.2
1992	5	23	0	3.4
1992	5	24	0	0
1992	5	25	0	0
1992	5	26	0	0
1992	5	27	3	3.4
1992	5	28	0	0
1992	5	29	0	0.4
1992	5	30	16	0
1992	5	31	0	13.6
1992	6	1	0	3
1992	6	2	12	8.6
1992	6	3	0	1.4
1992	6	4	0	0
1992	6	5	0	10.8
1992	6	6	0	0
1992	6	7	43	0.8
1992	6	8	0	31
1992	6	9	4	0
1992	6	10	4	18.2
1992	6	11	0	7.4
1992	6	12	0	0.4
1992	6	13	0	0
1992	6	14	0	0
1992	6	15	0	0
1992	6	16	0	0
1992	6	17	0	0
1992	6	18	12	0
1992	6	19	51	11.8
1992	6	20	0	42.6
1992	6	21	0	0
1992	6	22	14	10
1992	6	23	0	5.2
1992	6	24	0	6.2
1992	6	25	0	7.8
1992	6	26	0	0.2
1992	6	27	0	1.4
1992	6	28	13	6.2
1992	6	29	0	0
1992	6	30	0	0
1992	7	1	13	0
1992	7	2	0	13.4
1992	7	3	0	0
1992	7	4	6	0
1992	7	5	8	3.4
1992	7	6	6	3
1992	7	7	0	4.2
1992	7	8	13	6.8
1992	7	9	23	12
1992	7	10	0	0.2
1992	7	11	0	0
1992	7	12	0	0
1992	7	13	0	0
1992	7	14	0	0
1992	7	15	0	0
1992	7	16	0	0
1992	7	17	0	0
1992	7	18	0	0
1992	7	19	0	0
1992	7	20	0	0
1992	7	21	9	4.4
1992	7	22	18	3
1992	7	23	0	15.4
1992	7	24	0	0
1992	7	25	0	0
1992	7	26	0	0
1992	7	27	0	0
1992	7	28	0	0
1992	7	29	0	0
1992	7	30	0	0
1992	7	31	0	0
1992	8	1	0	0
1992	8	2	0	0
1992	8	3	0	0
1992	8	4	0	0
1992	8	5	0	0
1992	8	6	0	0
1992	8	7	0	0
1992	8	8	0	0
1992	8	9	0	1
1992	8	10	0	0.8
1992	8	11	0	1.8
1992	8	12	3	0
1992	8	13	0	0
1992	8	14	0	0
1992	8	15	11	8
1992	8	16	0	0
1992	8	17	0	0
1992	8	18	0	0
1992	8	19	0	0
1992	8	20	0	0
1992	8	21	0	0
1992	8	22	0	0
1992	8	23	0	0.2
1992	8	24	0	0
1992	8	25	0	0
1992	8	26	0	0
1992	8	27	0	0
1992	8	28	0	0
1992	8	29	24	0
1992	8	30	0	23.4
1992	8	31	0	0
1992	9	1	0	0.2
1992	9	2	0	0
1992	9	3	0	0
1992	9	4	0	0
1992	9	5	0	0
1992	9	6	0	0
1992	9	7	0	0
1992	9	8	0	0
1992	9	9	12	0
1992	9	10	10	16.4
1992	9	11	0	2.8
1992	9	12	0	0
1992	9	13	0	0
1992	9	14	0	0
1992	9	15	0	0
1992	9	16	0	0
1992	9	17	0	0.2
1992	9	18	0	0
1992	9	19	0	0
1992	9	20	0	0
1992	9	21	0	0
1992	9	22	0	0.8
1992	9	23	38	37.4
1992	9	24	0	0.2
1992	9	25	0	0
1992	9	26	0	0.2
1992	9	27	56	0
1992	9	28	0	46.8
1992	9	29	0	0.2
1992	9	30	0	0
1992	10	1	0	0.2
1992	10	2	0	0
1992	10	3	0	25.6
1992	10	4	0	52
1992	10	5	206	74.2
1992	10	6	0	30.4
1992	10	7	0	0.6
1992	10	8	0	0
1992	10	9	0	2
1992	10	10	26	17.2
1992	10	11	13	11.6
1992	10	12	0	5.2
1992	10	13	182	122.6
1992	10	14	3	17.6
1992	10	15	0	0
1992	10	16	0	0.4
1992	10	17	14	11.2
1992	10	18	0	0.6
1992	10	19	16	0
1992	10	20	0	13
1992	10	21	0	2.4
1992	10	22	0	0
1992	10	23	0	0
1992	10	24	0	0
1992	10	25	0	0
1992	10	26	0	0
1992	10	27	0	0
1992	10	28	0	0
1992	10	29	0	0
1992	10	30	4	2.2
1992	10	31	0	2.6
1992	11	1	38	15.6
1992	11	2	0	16
1992	11	3	0	0.2
1992	11	4	0	0
1992	11	5	0	0
1992	11	6	0	0.2
1992	11	7	0	0
1992	11	8	0	0
1992	11	9	0	0.6
1992	11	10	0	0
1992	11	11	0	0
1992	11	12	0	0
1992	11	13	0	0
1992	11	14	0	0
1992	11	15	0	0
1992	11	16	9	2.6
1992	11	17	0	3.4
1992	11	18	0	0
1992	11	19	0	0
1992	11	20	0	0
1992	11	21	0	0
1992	11	22	0	0
1992	11	23	0	0
1992	11	24	0	0
1992	11	25	0	0
1992	11	26	0	0
1992	11	27	0	0
1992	11	28	0	0
1992	11	29	0	0
1992	11	30	0	0
1992	12	1	0	0
1992	12	2	0	0
1992	12	3	0	0
1992	12	4	0	2.2
1992	12	5	6	2.2
1992	12	6	0	0.4
1992	12	7	0	0
1992	12	8	0	2.4
1992	12	9	0	34
1992	12	10	61	6.6
1992	12	11	0	0
1992	12	12	0	0.2
1992	12	13	0	0
1992	12	14	0	0
1992	12	15	0	0
1992	12	16	0	0
1992	12	17	0	0
1992	12	18	0	0
1992	12	19	0	0
1992	12	20	0	0
1992	12	21	0	0
1992	12	22	0	0
1992	12	23	3	0
1992	12	24	0	0.8
1992	12	25	0	0
1992	12	26	0	0
1992	12	27	0	0
1992	12	28	2.1	0
1992	12	29	0	0
1992	12	30	0	0
1992	12	31	0	0
1993	1	1	0	0
1993	1	2	2	0
1993	1	3	0	0.6
1993	1	4	0	0
1993	1	5	0	0
1993	1	6	0	0
1993	1	7	0	0
1993	1	8	0	0
1993	1	9	0	0
1993	1	10	0	0
1993	1	11	0	0
1993	1	12	0	0
1993	1	13	0	0
1993	1	14	0	0
1993	1	15	0	0
1993	1	16	0	0
1993	1	17	0	0
1993	1	18	0	0
1993	1	19	0	0
1993	1	20	0	0
1993	1	21	0	0
1993	1	22	0	0
1993	1	23	0	0
1993	1	24	0	0
1993	1	25	0	0
1993	1	26	0	0
1993	1	27	0	0
1993	1	28	0	0
1993	1	29	0	0
1993	1	30	0	0
1993	1	31	2	0.6
1993	2	1	0	0
1993	2	2	0	0
1993	2	3	0	0
1993	2	4	0	0
1993	2	5	0	0
1993	2	6	0	0
1993	2	7	0	0
1993	2	8	0	0
1993	2	9	7	4
1993	2	10	0	1
1993	2	11	0	0
1993	2	12	0	0
1993	2	13	0	0
1993	2	14	0	0
1993	2	15	0	0
1993	2	16	0	0
1993	2	17	0	0
1993	2	18	0	0
1993	2	19	0	0
1993	2	20	0	0
1993	2	21	0	0
1993	2	22	0	0
1993	2	23	0	0
1993	2	24	0	0
1993	2	25	0	0
1993	2	26	0	0
1993	2	27	0	4
1993	2	28	50	23.4
1993	3	1	0	32.6
1993	3	2	17.2	72.2
1993	3	3	0	12.6
1993	3	4	0	0.2
1993	3	5	0	0
1993	3	6	0	0
1993	3	7	0	0
1993	3	8	0	0
1993	3	9	0	0.2
1993	3	10	0	0
1993	3	11	0	0
1993	3	12	0	0
1993	3	13	0	0
1993	3	14	0	0
1993	3	15	0	0
1993	3	16	0	0
1993	3	17	0	0
1993	3	18	0	0
1993	3	19	0	0
1993	3	20	0	0
1993	3	21	0	0
1993	3	22	0	0
1993	3	23	0	0
1993	3	24	0	0
1993	3	25	37	25.2
1993	3	26	0	4
1993	3	27	0	0
1993	3	28	0	0
1993	3	29	0	0
1993	3	30	0	0
1993	3	31	0	0
1993	4	1	0	0
1993	4	2	0	24
1993	4	3	160	105.4
1993	4	4	0	0
1993	4	5	0	0.4
1993	4	6	0	0
1993	4	7	0	0
1993	4	8	0	0
1993	4	9	0	0.2
1993	4	10	0	0.8
1993	4	11	0	8
1993	4	12	0	0.2
1993	4	13	17	0
1993	4	14	0	9.6
1993	4	15	0	0
1993	4	16	0	0
1993	4	17	0	0
1993	4	18	0	0
1993	4	19	0	0
1993	4	20	0	0
1993	4	21	0	0
1993	4	22	0	0
1993	4	23	0	0
1993	4	24	0	0
1993	4	25	97	51.6
1993	4	26	0	30.4
1993	4	27	0	15
1993	4	28	0	28.8
1993	4	29	0	48.8
1993	4	30	153	35
1993	5	1	37	30
1993	5	2	0	11.2
1993	5	3	0	0
1993	5	4	0	0
1993	5	5	0	1.4
1993	5	6	0	0
1993	5	7	0	0.8
1993	5	8	7	0.2
1993	5	9	0	1.2
1993	5	10	13	2.4
1993	5	11	0	7.8
1993	5	12	0	1.2
1993	5	13	18	0.2
1993	5	14	0	15
1993	5	15	0	0
1993	5	16	0	0
1993	5	17	0	0
1993	5	18	0	0
1993	5	19	0	1.2
1993	5	20	0	3.6
1993	5	21	0	0.4
1993	5	22	0	0
1993	5	23	0	0
1993	5	24	0	0
1993	5	25	0	0
1993	5	26	0	0
1993	5	27	0	0.2
1993	5	28	0	0
1993	5	29	0	0
1993	5	30	0	0
1993	5	31	0	0
1993	6	1	0	0
1993	6	2	0	0.2
1993	6	3	0	0
1993	6	4	0	0
1993	6	5	0	0
1993	6	6	0	0
1993	6	7	0	0
1993	6	8	0	0
1993	6	9	0	0
1993	6	10	22	19.6
1993	6	11	0	0.4
1993	6	12	5	4.4
1993	6	13	0	0.4
1993	6	14	0	0
1993	6	15	0	0
1993	6	16	0	0
1993	6	17	0	0
1993	6	18	0	0
1993	6	19	0	0
1993	6	20	0	0
1993	6	21	0	0.2
1993	6	22	6	0
1993	6	23	0	4.6
1993	6	24	0	0
1993	6	25	0	0.2
1993	6	26	0	0
1993	6	27	0	0
1993	6	28	0	0
1993	6	29	8	0
1993	6	30	0	5.8
1993	7	1	0	0
1993	7	2	11	1.2
1993	7	3	0	7.8
1993	7	4	0	0
1993	7	5	0	0
1993	7	6	16	14.4
1993	7	7	0	0
1993	7	8	0	0
1993	7	9	0	0
1993	7	10	29	7.8
1993	7	11	0	20
1993	7	12	0	0.2
1993	7	13	0	0
1993	7	14	0	0
1993	7	15	0	0
1993	7	16	0	0
1993	7	17	0	0
1993	7	18	0	0
1993	7	19	0	0
1993	7	20	0	4.4
1993	7	21	0	1.6
1993	7	22	0	0
1993	7	23	0	0
1993	7	24	0	0
1993	7	25	0	0
1993	7	26	0	0
1993	7	27	0	0.4
1993	7	28	0	0.2
1993	7	29	0	0
1993	7	30	0	0
1993	7	31	0	0
1993	8	1	0	0
1993	8	2	0	0
1993	8	3	0	0
1993	8	4	0	0.2
1993	8	5	2	0.4
1993	8	6	0	3
1993	8	7	0	0
1993	8	8	13	0
1993	8	9	0	8.8
1993	8	10	0	0
1993	8	11	0	0
1993	8	12	0	0
1993	8	13	3	0
1993	8	14	0	3.6
1993	8	15	0	0
1993	8	16	0	6.2
1993	8	17	0	0
1993	8	18	0	0
1993	8	19	0	0
1993	8	20	0	0
1993	8	21	0	0
1993	8	22	0	0
1993	8	23	0	0
1993	8	24	4	0
1993	8	25	0	2.2
1993	8	26	0	0
1993	8	27	14	2.8
1993	8	28	26	9.8
1993	8	29	0	30
1993	8	30	0	0
1993	8	31	0	0
1993	9	1	0	0
1993	9	2	0	0
1993	9	3	0	0
1993	9	4	0	0
1993	9	5	0	0
1993	9	6	0	0
1993	9	7	0	1
1993	9	8	0	0
1993	9	9	15	0.4
1993	9	10	0	15.2
1993	9	11	0	0
1993	9	12	0	0.2
1993	9	13	7	1.6
1993	9	14	0	3.6
1993	9	15	0	0
1993	9	16	0	0.2
1993	9	17	0	0
1993	9	18	0	0
1993	9	19	0	0
1993	9	20	0	0
1993	9	21	0	0
1993	9	22	3	0.8
1993	9	23	0	17.4
1993	9	24	131	95.4
1993	9	25	23	12.2
1993	9	26	0	6.4
1993	9	27	0	0
1993	9	28	0	0
1993	9	29	0	0.2
1993	9	30	18	0
1993	10	1	3	20
1993	10	2	18	16
1993	10	3	0	4.4
1993	10	4	0	0
1993	10	5	0	0
1993	10	6	19	18.2
1993	10	7	0	5.8
1993	10	8	47	37.8
1993	10	9	0	5.6
1993	10	10	6	3
1993	10	11	3	2.2
1993	10	12	0	1.6
1993	10	13	8	0.6
1993	10	14	0	6.2
1993	10	15	0	0
1993	10	16	7	0
1993	10	17	0	4
1993	10	18	0	0
1993	10	19	6	4
1993	10	20	0	0.2
1993	10	21	0	0
1993	10	22	121	44.4
1993	10	23	22	46
1993	10	24	0	10.6
1993	10	25	0	15.4
1993	10	26	0	4.2
1993	10	27	0	0
1993	10	28	0	0
1993	10	29	0	0
1993	10	30	0	0
1993	10	31	18	0
1993	11	1	0	13.8
1993	11	2	13	12.4
1993	11	3	0	0.6
1993	11	4	0	0.6
1993	11	5	94	26
1993	11	6	0	57.2
1993	11	7	0	0.4
1993	11	8	0	1.2
1993	11	9	0	0
1993	11	10	0	0.2
1993	11	11	0	0
1993	11	12	0	0.2
1993	11	13	0	0
1993	11	14	0	0
1993	11	15	0	0
1993	11	16	0	0
1993	11	17	0	0
1993	11	18	0	0
1993	11	19	0	0
1993	11	20	0	0
1993	11	21	0	0
1993	11	22	0	0
1993	11	23	0	0
1993	11	24	0	0
1993	11	25	0	0
1993	11	26	0	0
1993	11	27	0	0
1993	11	28	0	0
1993	11	29	0	0
1993	11	30	0	1
1993	12	1	12	11.4
1993	12	2	70	0.8
1993	12	3	0	0
1993	12	4	0	0
1993	12	5	0	0
1993	12	6	0	0
1993	12	7	0	0
1993	12	8	0	0
1993	12	9	0	0
1993	12	10	0	0
1993	12	11	0	0
1993	12	12	0	0
1993	12	13	0	0
1993	12	14	0	0
1993	12	15	0	0
1993	12	16	0	0
1993	12	17	0	0
1993	12	18	0	0
1993	12	19	0	0
1993	12	20	0	0
1993	12	21	0	0
1993	12	22	0	0
1993	12	23	0	0
1993	12	24	0	0
1993	12	25	0	0
1993	12	26	0	0
1993	12	27	0	0
1993	12	28	0	0
1993	12	29	0	0
1993	12	30	0	0
1993	12	31	0	0
1994	1	1	0	0
1994	1	2	0	0
1994	1	3	0	0
1994	1	4	0	0
1994	1	5	0	0
1994	1	6	0	2
1994	1	7	66	53
1994	1	8	13	19
1994	1	9	0	6
1994	1	10	41	0
1994	1	11	0	32.4
1994	1	12	0	2.8
1994	1	13	0	0
1994	1	14	0	0
1994	1	15	0	0
1994	1	16	0	1.8
1994	1	17	0	0
1994	1	18	4	1.4
1994	1	19	0	0.4
1994	1	20	0	0
1994	1	21	0	0
1994	1	22	0	0
1994	1	23	0	0
1994	1	24	0	0
1994	1	25	0	0
1994	1	26	0	0
1994	1	27	0	0
1994	1	28	0	0
1994	1	29	0	0
1994	1	30	0	0
1994	1	31	0	0
1994	2	1	0	0
1994	2	2	0	0
1994	2	3	0	0
1994	2	4	0	13.8
1994	2	5	0	86.4
1994	2	6	137	24.8
1994	2	7	0	0
1994	2	8	0	0
1994	2	9	0	3.4
1994	2	10	0	0
1994	2	11	0	0
1994	2	12	0	0
1994	2	13	0	0
1994	2	14	12	2.4
1994	2	15	0	2.2
1994	2	16	0	0
1994	2	17	0	0
1994	2	18	0	0
1994	2	19	0	0
1994	2	20	0	0
1994	2	21	0	0
1994	2	22	0	0
1994	2	23	0	0
1994	2	24	0	0.4
1994	2	25	0	0
1994	2	26	0	0
1994	2	27	0	0
1994	2	28	17	4.8
1994	3	1	0	5.4
1994	3	2	0	0.6
1994	3	3	0	0
1994	3	4	0	0
1994	3	5	0	0
1994	3	6	0	0
1994	3	7	0	0
1994	3	8	0	0
1994	3	9	0	0
1994	3	10	0	0
1994	3	11	0	0
1994	3	12	0	0
1994	3	13	0	0
1994	3	14	0	0
1994	3	15	0	0
1994	3	16	0	0
1994	3	17	0	0
1994	3	18	0	0
1994	3	19	0	0
1994	3	20	0	0
1994	3	21	0	0
1994	3	22	0	0
1994	3	23	0	0
1994	3	24	0	0
1994	3	25	0	0
1994	3	26	0	0
1994	3	27	0	0
1994	3	28	0	0
1994	3	29	0	0
1994	3	30	0	0
1994	3	31	0	0
1994	4	1	0	0
1994	4	2	0	0
1994	4	3	0	0
1994	4	4	0	0
1994	4	5	0	0
1994	4	6	0	0
1994	4	7	0	0
1994	4	8	0	0
1994	4	9	0	0
1994	4	10	0	0
1994	4	11	0	0
1994	4	12	0	0
1994	4	13	0	0
1994	4	14	3	0
1994	4	15	0	1.6
1994	4	16	0	51.6
1994	4	17	112	47.6
1994	4	18	0	0.8
1994	4	19	0	9
1994	4	20	41	21.8
1994	4	21	0	1.4
1994	4	22	6	0
1994	4	23	0	5
1994	4	24	0	0
1994	4	25	32	20.6
1994	4	26	0	4.6
1994	4	27	0	0
1994	4	28	0	0
1994	4	29	0	0
1994	4	30	0	0
1994	5	1	0	0
1994	5	2	0	0
1994	5	3	0	0
1994	5	4	0	0
1994	5	5	0	0
1994	5	6	0	0
1994	5	7	0	0
1994	5	8	0	0
1994	5	9	18	7.6
1994	5	10	0	11.6
1994	5	11	0	0
1994	5	12	0	0
1994	5	13	0	3.2
1994	5	14	46	41
1994	5	15	0	0
1994	5	16	0	0
1994	5	17	0	3
1994	5	18	19	16
1994	5	19	0	6.6
1994	5	20	0	0.4
1994	5	21	0	0
1994	5	22	7	3.2
1994	5	23	0	4.6
1994	5	24	0	0.2
1994	5	25	0	1
1994	5	26	0	0
1994	5	27	0	0
1994	5	28	0	0
1994	5	29	0	0
1994	5	30	0	0
1994	5	31	2	0.2
1994	6	1	0	0.6
1994	6	2	0	0
1994	6	3	0	0
1994	6	4	0	0
1994	6	5	0	0
1994	6	6	0	0
1994	6	7	0	0
1994	6	8	0	0
1994	6	9	17	1.2
1994	6	10	0	19
1994	6	11	0	13.8
1994	6	12	0	54.6
1994	6	13	118	32
1994	6	14	0	0.4
1994	6	15	0	0.2
1994	6	16	0	0
1994	6	17	0	0
1994	6	18	0	0
1994	6	19	0	0
1994	6	20	11	NA
1994	6	21	0	NA
1994	6	22	0	NA
1994	6	23	0	NA
1994	6	24	0	NA
1994	6	25	0	NA
1994	6	26	32	NA
1994	6	27	18	NA
1994	6	28	0	NA
1994	6	29	0	NA
1994	6	30	0	NA
1994	7	1	0	NA
1994	7	2	0	0
1994	7	3	0	0
1994	7	4	0	0
1994	7	5	0	0
1994	7	6	9	6.6
1994	7	7	0	0
1994	7	8	0	0
1994	7	9	0	1
1994	7	10	0	0
1994	7	11	0	0
1994	7	12	0	0
1994	7	13	0	6
1994	7	14	0	0
1994	7	15	0	0
1994	7	16	0	0
1994	7	17	0	0
1994	7	18	0	0.2
1994	7	19	8	0.2
1994	7	20	21	50
1994	7	21	0	0
1994	7	22	0	0
1994	7	23	0	0
1994	7	24	18	6.2
1994	7	25	0	0
1994	7	26	0	0
1994	7	27	0	0
1994	7	28	0	0
1994	7	29	0	0
1994	7	30	0	0
1994	7	31	0	0.2
1994	8	1	0	0.2
1994	8	2	0	0
1994	8	3	0	0
1994	8	4	0	0
1994	8	5	0	0
1994	8	6	0	0
1994	8	7	12	23.6
1994	8	8	30	4.4
1994	8	9	0	10.6
1994	8	10	0	0
1994	8	11	0	0
1994	8	12	0	0
1994	8	13	0	0
1994	8	14	0	0.6
1994	8	15	0	0
1994	8	16	0	0
1994	8	17	4	0
1994	8	18	0	3.6
1994	8	19	0	0
1994	8	20	0	0
1994	8	21	0	0
1994	8	22	0	0
1994	8	23	0	0
1994	8	24	10	0
1994	8	25	0	10.6
1994	8	26	0	0
1994	8	27	0	0
1994	8	28	0	0
1994	8	29	0	0
1994	8	30	0	0
1994	8	31	21	0.8
1994	9	1	0	16.6
1994	9	2	62	13
1994	9	3	0	41.4
1994	9	4	0	0
1994	9	5	0	0
1994	9	6	0	0
1994	9	7	0	0
1994	9	8	34	0
1994	9	9	0	27.4
1994	9	10	0	0
1994	9	11	0	0
1994	9	12	0	0
1994	9	13	5	3.6
1994	9	14	24	13.4
1994	9	15	0	10.6
1994	9	16	0	0
1994	9	17	0	1.8
1994	9	18	0	3.6
1994	9	19	0	0
1994	9	20	0	0
1994	9	21	31	1.6
1994	9	22	0	24
1994	9	23	81	15.2
1994	9	24	0	52.2
1994	9	25	0	0.6
1994	9	26	72	26
1994	9	27	0	36.2
1994	9	28	0	0.2
1994	9	29	0	0
1994	9	30	8	0.2
1994	10	1	0	4
1994	10	2	0	0
1994	10	3	0	0
1994	10	4	0	0
1994	10	5	0	0
1994	10	6	0	0.4
1994	10	7	7	0
1994	10	8	0	2.8
1994	10	9	0	0
1994	10	10	0	0
1994	10	11	0	0
1994	10	12	0	0
1994	10	13	0	0
1994	10	14	0	0
1994	10	15	0	0
1994	10	16	0	0
1994	10	17	0	0
1994	10	18	0	0
1994	10	19	0	0
1994	10	20	0	28.6
1994	10	21	73	19.6
1994	10	22	0	13.2
1994	10	23	16	7.6
1994	10	24	0	5.6
1994	10	25	0	0
1994	10	26	0	0.2
1994	10	27	0	0
1994	10	28	18	3.6
1994	10	29	0	13.2
1994	10	30	0	0
1994	10	31	0	0.2
1994	11	1	0	0
1994	11	2	0	0
1994	11	3	0	6.2
1994	11	4	0	7.6
1994	11	5	0	38
1994	11	6	178	64.6
1994	11	7	0	29.4
1994	11	8	34	26.4
1994	11	9	0	1
1994	11	10	7	6.2
1994	11	11	0	0
1994	11	12	0	0
1994	11	13	0	0
1994	11	14	0	0
1994	11	15	0	0.2
1994	11	16	0	0
1994	11	17	0	0
1994	11	18	0	0
1994	11	19	0	0
1994	11	20	0	0
1994	11	21	0	0.4
1994	11	22	0	0
1994	11	23	0	0
1994	11	24	0	0.2
1994	11	25	0	0
1994	11	26	0	0
1994	11	27	0	0
1994	11	28	0	0
1994	11	29	0	0
1994	11	30	0	0
1994	12	1	0	0
1994	12	2	0	0
1994	12	3	0	0
1994	12	4	0	0
1994	12	5	0	0
1994	12	6	0	0
1994	12	7	0	0.2
1994	12	8	0	0
1994	12	9	0	0
1994	12	10	0	0
1994	12	11	0	0
1994	12	12	0	0
1994	12	13	0	0
1994	12	14	0	0
1994	12	15	0	0.2
1994	12	16	0	2.6
1994	12	17	0	0
1994	12	18	0	0
1994	12	19	0	0
1994	12	20	13	4
1994	12	21	0	5.2
1994	12	22	3	0
1994	12	23	0	0.4
1994	12	24	0	1.6
1994	12	25	0	0.2
1994	12	26	0	0.8
1994	12	27	0	0
1994	12	28	0	0
1994	12	29	0	0
1994	12	30	0	0.2
1994	12	31	0	0
1995	1	1	0	0
1995	1	2	0	0
1995	1	3	0	0
1995	1	4	0	0
1995	1	5	0	0
1995	1	6	0	0
1995	1	7	0	0
1995	1	8	0	0
1995	1	9	0	0
1995	1	10	0	0
1995	1	11	0	0
1995	1	12	0	0
1995	1	13	0	0
1995	1	14	0	0
1995	1	15	0	0
1995	1	16	0	0
1995	1	17	0	0
1995	1	18	3	0
1995	1	19	0	0
1995	1	20	0	8.6
1995	1	21	0	0
1995	1	22	0	0
1995	1	23	0	0
1995	1	24	0	0
1995	1	25	0	0
1995	1	26	0	0
1995	1	27	0	0.2
1995	1	28	0	0
1995	1	29	0	0
1995	1	30	0	0
1995	1	31	0	0
1995	2	1	0	0
1995	2	2	0	0
1995	2	3	0	0
1995	2	4	0	0
1995	2	5	0	0
1995	2	6	0	0
1995	2	7	0	0
1995	2	8	0	0
1995	2	9	3	0.6
1995	2	10	0	0.6
1995	2	11	0	4.8
1995	2	12	0	1.6
1995	2	13	16	0
1995	2	14	0	7.6
1995	2	15	0	0
1995	2	16	0	0
1995	2	17	0	0
1995	2	18	0	0
1995	2	19	0	0
1995	2	20	0	0
1995	2	21	0	0
1995	2	22	5	0
1995	2	23	0	2.8
1995	2	24	0	0
1995	2	25	0	0
1995	2	26	0	0.2
1995	2	27	0	0.4
1995	2	28	0	0
1995	3	1	0	0
1995	3	2	0	0
1995	3	3	2	0
1995	3	4	0	0.6
1995	3	5	0	0.4
1995	3	6	0	0
1995	3	7	0	0
1995	3	8	5	0
1995	3	9	0	4.4
1995	3	10	0	0
1995	3	11	0	0
1995	3	12	0	0
1995	3	13	2	0
1995	3	14	0	0.2
1995	3	15	0	0
1995	3	16	0	0
1995	3	17	0	0
1995	3	18	0	0
1995	3	19	0	0
1995	3	20	0	0
1995	3	21	0	0
1995	3	22	0	0
1995	3	23	0	0
1995	3	24	0	0
1995	3	25	0	0
1995	3	26	0	0
1995	3	27	0	0
1995	3	28	0	0
1995	3	29	0	0
1995	3	30	0	0
1995	3	31	0	0
1995	4	1	0	0
1995	4	2	0	0
1995	4	3	0	0
1995	4	4	0	0
1995	4	5	0	0
1995	4	6	0	0
1995	4	7	0	0
1995	4	8	0	0
1995	4	9	0	0
1995	4	10	0	0
1995	4	11	0	0.4
1995	4	12	0	0
1995	4	13	14	8.4
1995	4	14	5	4
1995	4	15	0	3.2
1995	4	16	0	0
1995	4	17	0	0
1995	4	18	0	0
1995	4	19	0	0
1995	4	20	0	0
1995	4	21	0	2.8
1995	4	22	0	18.2
1995	4	23	0	54.8
1995	4	24	0	32.4
1995	4	25	216	77.6
1995	4	26	0	0
1995	4	27	6	0
1995	4	28	0	2.6
1995	4	29	0	2
1995	4	30	17	15.8
1995	5	1	0	0.4
1995	5	2	0	0
1995	5	3	0	0
1995	5	4	0	0
1995	5	5	0	0
1995	5	6	0	0
1995	5	7	0	0
1995	5	8	0	0
1995	5	9	0	0
1995	5	10	0	0
1995	5	11	33	0
1995	5	12	12	34.6
1995	5	13	0	6
1995	5	14	0	1.2
1995	5	15	0	0
1995	5	16	2	0
1995	5	17	0	1.2
1995	5	18	0	0
1995	5	19	0	1
1995	5	20	0	0
1995	5	21	0	0.8
1995	5	22	0	0
1995	5	23	0	0
1995	5	24	0	0
1995	5	25	0	0
1995	5	26	56	24.2
1995	5	27	0	19
1995	5	28	0	0
1995	5	29	0	0
1995	5	30	0	5.8
1995	5	31	172	77.6
1995	6	1	NA	55.8
1995	6	2	NA	0.2
1995	6	3	NA	10.4
1995	6	4	NA	0
1995	6	5	NA	0.2
1995	6	6	NA	3.6
1995	6	7	NA	0
1995	6	8	NA	0
1995	6	9	NA	4
1995	6	10	NA	0.4
1995	6	11	NA	0.2
1995	6	12	NA	22.2
1995	6	13	NA	2.4
1995	6	14	NA	0
1995	6	15	NA	0.4
1995	6	16	NA	0
1995	6	17	NA	0
1995	6	18	NA	0
1995	6	19	NA	0
1995	6	20	NA	0
1995	6	21	NA	0
1995	6	22	NA	0.4
1995	6	23	NA	0
1995	6	24	NA	19.2
1995	6	25	NA	0
1995	6	26	NA	0
1995	6	27	NA	0
1995	6	28	NA	0
1995	6	29	NA	0
1995	6	30	NA	0
1995	7	1	NA	0
1995	7	2	NA	0
1995	7	3	NA	0
1995	7	4	NA	0
1995	7	5	NA	3.6
1995	7	6	NA	11.6
1995	7	7	NA	0
1995	7	8	NA	0
1995	7	9	NA	0
1995	7	10	NA	0
1995	7	11	NA	0.2
1995	7	12	NA	14.4
1995	7	13	NA	0
1995	7	14	NA	0.2
1995	7	15	NA	8
1995	7	16	NA	0
1995	7	17	NA	0
1995	7	18	NA	0.2
1995	7	19	NA	0
1995	7	20	NA	0
1995	7	21	NA	0
1995	7	22	NA	0.2
1995	7	23	NA	0
1995	7	24	NA	71
1995	7	25	NA	0
1995	7	26	NA	0
1995	7	27	NA	0
1995	7	28	NA	0
1995	7	29	NA	14
1995	7	30	NA	1
1995	7	31	NA	0
1995	8	1	0	5.4
1995	8	2	0	0
1995	8	3	0	0
1995	8	4	0	0.8
1995	8	5	0	0
1995	8	6	0	0.8
1995	8	7	0	0
1995	8	8	0	0
1995	8	9	0	2.4
1995	8	10	0	0
1995	8	11	9	0.4
1995	8	12	0	7.6
1995	8	13	0	0
1995	8	14	0	0.2
1995	8	15	0	2.6
1995	8	16	0	0
1995	8	17	19	2.2
1995	8	18	5	11.2
1995	8	19	0	2.4
1995	8	20	0	2.8
1995	8	21	0	0.2
1995	8	22	20	18.4
1995	8	23	61	1.2
1995	8	24	0	0
1995	8	25	0	52.8
1995	8	26	0	0
1995	8	27	0	0
1995	8	28	0	0
1995	8	29	0	0
1995	8	30	0	0
1995	8	31	0	0
1995	9	1	0	0
1995	9	2	0	0
1995	9	3	0	0
1995	9	4	0	0
1995	9	5	0	0
1995	9	6	0	0
1995	9	7	17	0
1995	9	8	0	15.6
1995	9	9	0	0
1995	9	10	0	0
1995	9	11	0	0
1995	9	12	0	0
1995	9	13	0	9.8
1995	9	14	89	64.6
1995	9	15	0	0
1995	9	16	0	0
1995	9	17	0	1.2
1995	9	18	0	0
1995	9	19	46	30.8
1995	9	20	0	11.4
1995	9	21	0	0
1995	9	22	0	0
1995	9	23	0	0.2
1995	9	24	11	3
1995	9	25	31	0.2
1995	9	26	0	21.2
1995	9	27	0	0
1995	9	28	0	0
1995	9	29	0	0
1995	9	30	0	0
1995	10	1	0	0
1995	10	2	0	0
1995	10	3	0	0
1995	10	4	3	0.2
1995	10	5	17	1.2
1995	10	6	0	15
1995	10	7	0	0
1995	10	8	0	0
1995	10	9	0	0
1995	10	10	0	0
1995	10	11	0	0
1995	10	12	0	0
1995	10	13	0	0
1995	10	14	0	0
1995	10	15	0	0
1995	10	16	0	0.2
1995	10	17	0	0
1995	10	18	0	0
1995	10	19	0	0
1995	10	20	0	0
1995	10	21	0	0
1995	10	22	0	0
1995	10	23	0	0
1995	10	24	0	0
1995	10	25	0	0
1995	10	26	0	0
1995	10	27	0	0
1995	10	28	0	0
1995	10	29	0	0
1995	10	30	0	0
1995	10	31	0	0
1995	11	1	0	0
1995	11	2	0	0
1995	11	3	0	0
1995	11	4	0	0
1995	11	5	0	0
1995	11	6	0	0
1995	11	7	0	0
1995	11	8	0	0
1995	11	9	0	0
1995	11	10	0	0
1995	11	11	0	0
1995	11	12	0	0.4
1995	11	13	0	10.6
1995	11	14	77	60.6
1995	11	15	0	0
1995	11	16	0	0.4
1995	11	17	0	0.4
1995	11	18	0	0
1995	11	19	0	0
1995	11	20	0	0
1995	11	21	0	0
1995	11	22	0	0
1995	11	23	0	0
1995	11	24	0	0
1995	11	25	0	0
1995	11	26	0	2.8
1995	11	27	22	5
1995	11	28	0	7.2
1995	11	29	0	0
1995	11	30	0	0
1995	12	1	0	0
1995	12	2	0	0
1995	12	3	0	0
1995	12	4	0	0
1995	12	5	0	0
1995	12	6	0	0
1995	12	7	0	0
1995	12	8	7	1.2
1995	12	9	0	0
1995	12	10	0	0
1995	12	11	0	0
1995	12	12	0	0
1995	12	13	13	10.4
1995	12	14	0	0.6
1995	12	15	31	10.6
1995	12	16	0	5.2
1995	12	17	30	7.8
1995	12	18	0	1.8
1995	12	19	0	0
1995	12	20	0	0
1995	12	21	0	0
1995	12	22	0	0.2
1995	12	23	0	4.4
1995	12	24	0	0
1995	12	25	0	0
1995	12	26	0	0
1995	12	27	0	0
1995	12	28	0	0
1995	12	29	0	0
1995	12	30	0	0
1995	12	31	12	5.4
1996	1	1	0	0
1996	1	2	0	0
1996	1	3	0	0
1996	1	4	0	0
1996	1	5	0	0
1996	1	6	22	8
1996	1	7	0.5	4
1996	1	8	0	1.4
1996	1	9	0	0
1996	1	10	0	10.6
1996	1	11	0	27.8
1996	1	12	0	48.6
1996	1	13	128	13.6
1996	1	14	0	5.6
1996	1	15	0	0
1996	1	16	0	1
1996	1	17	0	0
1996	1	18	0	0
1996	1	19	0	0
1996	1	20	0	0
1996	1	21	0	0
1996	1	22	0	0
1996	1	23	4	6
1996	1	24	31	13
1996	1	25	0	1.2
1996	1	26	24	13.2
1996	1	27	0	0
1996	1	28	0	0
1996	1	29	21	7.2
1996	1	30	0	2.6
1996	1	31	0	1.6
1996	2	1	0	1.6
1996	2	2	18	5.2
1996	2	3	0	5
1996	2	4	0	0
1996	2	5	17	6.4
1996	2	6	13	5.4
1996	2	7	10	2.2
1996	2	8	0	0
1996	2	9	0	0
1996	2	10	0	0
1996	2	11	0	0
1996	2	12	0	0
1996	2	13	0	0
1996	2	14	0	0
1996	2	15	0	0
1996	2	16	0	0
1996	2	17	0	0
1996	2	18	0	0
1996	2	19	0	0
1996	2	20	0	0
1996	2	21	16	18.2
1996	2	22	0	19.2
1996	2	23	0	0
1996	2	24	0	0
1996	2	25	0	0
1996	2	26	3	0
1996	2	27	26	7.6
1996	2	28	0	0.2
1996	2	29	0	0
1996	3	1	0	0
1996	3	2	0	0
1996	3	3	0	0
1996	3	4	0	0
1996	3	5	0	0
1996	3	6	0	0
1996	3	7	0	1.2
1996	3	8	28	16.6
1996	3	9	0	0
1996	3	10	0	0
1996	3	11	0	0.2
1996	3	12	0	0
1996	3	13	0	0.2
1996	3	14	0	0.2
1996	3	15	0	9.2
1996	3	16	0	19.4
1996	3	17	73	19.2
1996	3	18	0	1.4
1996	3	19	0	9
1996	3	20	0	0
1996	3	21	0	0
1996	3	22	0	0
1996	3	23	0	0
1996	3	24	0	0
1996	3	25	0	0.2
1996	3	26	0	0.2
1996	3	27	0	2
1996	3	28	13	2.8
1996	3	29	0	1.8
1996	3	30	0	0
1996	3	31	0	0
1996	4	1	15	0
1996	4	2	0	13
1996	4	3	54	31.8
1996	4	4	0	12.8
1996	4	5	0	0
1996	4	6	0	0
1996	4	7	0	0
1996	4	8	0	0
1996	4	9	0	8
1996	4	10	0	0
1996	4	11	0	0
1996	4	12	0	0
1996	4	13	7	0
1996	4	14	0	4.6
1996	4	15	0	1.2
1996	4	16	0	0
1996	4	17	0	0
1996	4	18	0	0
1996	4	19	0	0
1996	4	20	0	0
1996	4	21	0	0
1996	4	22	0	0
1996	4	23	32	14
1996	4	24	0	13
1996	4	25	0	0
1996	4	26	0	21.8
1996	4	27	0	54.4
1996	4	28	124	34.4
1996	4	29	4	1.6
1996	4	30	0	3.6
1996	5	1	13	0.2
1996	5	2	7	7.6
1996	5	3	0	6.4
1996	5	4	0	0
1996	5	5	0	0
1996	5	6	0	0
1996	5	7	0	0
1996	5	8	0	5
1996	5	9	15	2.2
1996	5	10	0	9
1996	5	11	23	30.4
1996	5	12	0	6.2
1996	5	13	23	12.6
1996	5	14	0	1
1996	5	15	0	0
1996	5	16	0	0
1996	5	17	0	0
1996	5	18	0	0
1996	5	19	5	0
1996	5	20	0	4.8
1996	5	21	0	0
1996	5	22	0	0
1996	5	23	0	0
1996	5	24	0	0
1996	5	25	0	0
1996	5	26	0	0
1996	5	27	0	0
1996	5	28	0	0
1996	5	29	0	0
1996	5	30	0	0
1996	5	31	0	0
1996	6	1	0	0
1996	6	2	0	0
1996	6	3	37	14.4
1996	6	4	0	18.6
1996	6	5	0	0
1996	6	6	0	0
1996	6	7	0	0
1996	6	8	0	0
1996	6	9	0	0
1996	6	10	0	0
1996	6	11	0	0
1996	6	12	0	0
1996	6	13	0	0
1996	6	14	13	11.8
1996	6	15	24	32.2
1996	6	16	22	0
1996	6	17	0	24.4
1996	6	18	0	0
1996	6	19	0	0
1996	6	20	6	0
1996	6	21	3	12.8
1996	6	22	4	4
1996	6	23	0	2
1996	6	24	0	3
1996	6	25	12	7.6
1996	6	26	0	0.4
1996	6	27	0	1
1996	6	28	0	0
1996	6	29	0	0
1996	6	30	0	0
1996	7	1	0	0
1996	7	2	13	0.8
1996	7	3	0	10.2
1996	7	4	0	0
1996	7	5	0	0
1996	7	6	0	2.4
1996	7	7	0	0
1996	7	8	0	2.8
1996	7	9	0	0
1996	7	10	0	0
1996	7	11	0	0
1996	7	12	0	0
1996	7	13	0	0
1996	7	14	0	0
1996	7	15	0	0.4
1996	7	16	0	0.2
1996	7	17	5	0.6
1996	7	18	0	0.8
1996	7	19	0	2.8
1996	7	20	0	4.6
1996	7	21	0	0
1996	7	22	0	0
1996	7	23	0	0
1996	7	24	0	0
1996	7	25	0	0
1996	7	26	0	0
1996	7	27	0	2.6
1996	7	28	7	2.8
1996	7	29	0	3
1996	7	30	49	50.6
1996	7	31	0	0
1996	8	1	0	0
1996	8	2	0	0
1996	8	3	6	0.2
1996	8	4	18	21.8
1996	8	5	8	0.2
1996	8	6	0	5.4
1996	8	7	0	0
1996	8	8	0	1.8
1996	8	9	0	5.4
1996	8	10	0	0
1996	8	11	0	0
1996	8	12	0	1.2
1996	8	13	0	0
1996	8	14	4	0
1996	8	15	0	0.4
1996	8	16	0	0
1996	8	17	0	0
1996	8	18	0	0
1996	8	19	32	10.8
1996	8	20	0	1
1996	8	21	0	0
1996	8	22	28	10.4
1996	8	23	0	15.4
1996	8	24	0	0
1996	8	25	0	2.8
1996	8	26	0	0
1996	8	27	9	0
1996	8	28	0	5.8
1996	8	29	0	0
1996	8	30	0	0.2
1996	8	31	0	0
1996	9	1	0	0
1996	9	2	0	20.4
1996	9	3	0	23.4
1996	9	4	89	23.6
1996	9	5	0	0.2
1996	9	6	0	0
1996	9	7	0	0.2
1996	9	8	0	0
1996	9	9	10	6.4
1996	9	10	0	0.6
1996	9	11	0	0
1996	9	12	0	0
1996	9	13	0	0
1996	9	14	0	0
1996	9	15	0	0
1996	9	16	0	0
1996	9	17	0	0
1996	9	18	0	0.2
1996	9	19	72	31.2
1996	9	20	0	23.8
1996	9	21	13	10.4
1996	9	22	12	0.8
1996	9	23	0	8.2
1996	9	24	0	0
1996	9	25	0	0
1996	9	26	0	0
1996	9	27	0	0
1996	9	28	0	0.2
1996	9	29	0	0
1996	9	30	0	0
1996	10	1	0	0
1996	10	2	0	3.8
1996	10	3	0	1
1996	10	4	0	0
1996	10	5	0	0
1996	10	6	0	2
1996	10	7	0	36.4
1996	10	8	0	133
1996	10	9	275	77.6
1996	10	10	31	0
1996	10	11	0	25.8
1996	10	12	0	0
1996	10	13	0	0
1996	10	14	0	16.4
1996	10	15	0	38
1996	10	16	111	30.6
1996	10	17	0	10
1996	10	18	0	0
1996	10	19	0	0
1996	10	20	0	0
1996	10	21	0	0
1996	10	22	0	0
1996	10	23	0	0
1996	10	24	0	0
1996	10	25	6	0.2
1996	10	26	0	0
1996	10	27	0	0
1996	10	28	0	0
1996	10	29	0	0
1996	10	30	0	0
1996	10	31	0	0
1996	11	1	0	0
1996	11	2	0	0
1996	11	3	0	0
1996	11	4	0	0
1996	11	5	8	0
1996	11	6	0	6.8
1996	11	7	0	0
1996	11	8	0	0
1996	11	9	0	0
1996	11	10	0	0
1996	11	11	0	6.6
1996	11	12	88	58.2
1996	11	13	12	1
1996	11	14	6	7.2
1996	11	15	0	0
1996	11	16	31	13.6
1996	11	17	55	16
1996	11	18	0	24.8
1996	11	19	0	2.6
1996	11	20	0	0
1996	11	21	0	0
1996	11	22	0	0
1996	11	23	0	0
1996	11	24	0	0
1996	11	25	0	0
1996	11	26	0	0
1996	11	27	0	0
1996	11	28	0	0
1996	11	29	0	0
1996	11	30	0	0
1996	12	1	0	0
1996	12	2	0	0
1996	12	3	0	0
1996	12	4	0	0
1996	12	5	0	0
1996	12	6	0	0
1996	12	7	0	0.8
1996	12	8	0	0.8
1996	12	9	0	29.2
1996	12	10	113	38.2
1996	12	11	0	19
1996	12	12	0	0
1996	12	13	8	NA
1996	12	14	0	NA
1996	12	15	0	0
1996	12	16	0	0
1996	12	17	0	0
1996	12	18	18	0
1996	12	19	0	0
1996	12	20	0	11.6
1996	12	21	8	0
1996	12	22	0	2
1996	12	23	0	1.8
1996	12	24	0	0
1996	12	25	0	6.2
1996	12	26	0	10
1996	12	27	0	0.2
1996	12	28	5	0
1996	12	29	0	0.2
1996	12	30	0	0
1996	12	31	0	0
1997	1	1	0	0.4
1997	1	2	30	0
1997	1	3	0	22
1997	1	4	15	24
1997	1	5	0	9.4
1997	1	6	0	0
1997	1	7	60	10.4
1997	1	8	40	0
1997	1	9	0	5.6
1997	1	10	0	0.4
1997	1	11	0	0
1997	1	12	0	0
1997	1	13	0	0
1997	1	14	0	0
1997	1	15	0	0
1997	1	16	0	0
1997	1	17	0	0
1997	1	18	0	0
1997	1	19	0	0
1997	1	20	0	1.2
1997	1	21	0	0
1997	1	22	0	0
1997	1	23	0	NA
1997	1	24	0	NA
1997	1	25	0	0
1997	1	26	0	0
1997	1	27	0	0
1997	1	28	0	0
1997	1	29	0	0
1997	1	30	0	0
1997	1	31	0	0
1997	2	1	0	0
1997	2	2	0	0
1997	2	3	0	0
1997	2	4	0	0
1997	2	5	0	0
1997	2	6	0	0
1997	2	7	0	0
1997	2	8	0	0
1997	2	9	0	0
1997	2	10	0	0
1997	2	11	0	0
1997	2	12	0	0
1997	2	13	0	0
1997	2	14	0	0
1997	2	15	0	0
1997	2	16	0	0
1997	2	17	0	0
1997	2	18	0	0
1997	2	19	0	0
1997	2	20	0	0
1997	2	21	0	0
1997	2	22	0	0
1997	2	23	0	0
1997	2	24	0	0
1997	2	25	0	0
1997	2	26	0	0
1997	2	27	0	0
1997	2	28	0	0
1997	3	1	NA	0
1997	3	2	NA	0
1997	3	3	NA	0
1997	3	4	NA	0
1997	3	5	NA	0
1997	3	6	NA	0
1997	3	7	NA	3.6
1997	3	8	NA	0
1997	3	9	NA	0
1997	3	10	NA	0
1997	3	11	NA	0
1997	3	12	NA	0
1997	3	13	NA	0
1997	3	14	NA	0
1997	3	15	NA	0
1997	3	16	NA	0
1997	3	17	NA	0
1997	3	18	NA	0
1997	3	19	NA	0
1997	3	20	NA	0
1997	3	21	NA	0
1997	3	22	NA	0
1997	3	23	NA	0
1997	3	24	NA	0
1997	3	25	NA	0
1997	3	26	NA	0
1997	3	27	NA	0
1997	3	28	NA	0
1997	3	29	NA	0
1997	3	30	NA	0
1997	3	31	NA	0
1997	4	1	0	0
1997	4	2	0	0
1997	4	3	0	0
1997	4	4	0	0
1997	4	5	0	0
1997	4	6	0	0
1997	4	7	0	0
1997	4	8	0	0
1997	4	9	0	0
1997	4	10	0	0
1997	4	11	0	0
1997	4	12	0	0
1997	4	13	0	0
1997	4	14	0	0
1997	4	15	0	0
1997	4	16	0	0
1997	4	17	0	0
1997	4	18	0	0
1997	4	19	0	0
1997	4	20	7	1
1997	4	21	3	4.8
1997	4	22	0	0.4
1997	4	23	0	0
1997	4	24	0	0
1997	4	25	0	0
1997	4	26	0	0
1997	4	27	0	1.6
1997	4	28	0	0
1997	4	29	0	0
1997	4	30	2	0
1997	5	1	0	0
1997	5	2	0	0
1997	5	3	0	0
1997	5	4	0	0
1997	5	5	0	0.2
1997	5	6	5	1.6
1997	5	7	14	2.2
1997	5	8	0	10.6
1997	5	9	0	0
1997	5	10	0	0
1997	5	11	7	0
1997	5	12	0	4.8
1997	5	13	0	0.8
1997	5	14	0	0
1997	5	15	0	0
1997	5	16	0	0
1997	5	17	0	0.8
1997	5	18	0	0
1997	5	19	0	0
1997	5	20	0	0
1997	5	21	0	0
1997	5	22	0	0
1997	5	23	0	0
1997	5	24	0	0
1997	5	25	0	0
1997	5	26	17	17.6
1997	5	27	0	0.4
1997	5	28	0	0
1997	5	29	0	0
1997	5	30	0	0
1997	5	31	0	0
1997	6	1	18	15.2
1997	6	2	0	22
1997	6	3	0	0
1997	6	4	0	0
1997	6	5	22	7
1997	6	6	0	14.6
1997	6	7	0	0
1997	6	8	0	0
1997	6	9	0	0
1997	6	10	0	0
1997	6	11	0	0
1997	6	12	0	0
1997	6	13	0	0
1997	6	14	0	0
1997	6	15	0	0
1997	6	16	5	0
1997	6	17	0	5.4
1997	6	18	0	0
1997	6	19	18	8.6
1997	6	20	0	10.4
1997	6	21	0	0
1997	6	22	5	0.2
1997	6	23	0	2
1997	6	24	0	0
1997	6	25	0	0
1997	6	26	14	0
1997	6	27	0	9.6
1997	6	28	0	1.2
1997	6	29	6	1.4
1997	6	30	4	2.6
1997	7	1	0	10
1997	7	2	0	0
1997	7	3	0	0.8
1997	7	4	0	0
1997	7	5	23	4.8
1997	7	6	0	8.6
1997	7	7	0	0
1997	7	8	0	0
1997	7	9	0	0
1997	7	10	3	4.4
1997	7	11	0	4.2
1997	7	12	5	0
1997	7	13	0	4
1997	7	14	0	0
1997	7	15	0	0
1997	7	16	0	0
1997	7	17	47	0
1997	7	18	0	45.4
1997	7	19	0	0
1997	7	20	0	0
1997	7	21	0	0
1997	7	22	0	0
1997	7	23	0	0
1997	7	24	31	0
1997	7	25	0	20.6
1997	7	26	0	0
1997	7	27	0	0
1997	7	28	38	0
1997	7	29	0	0
1997	7	30	0	57.8
1997	7	31	0	0
1997	8	1	0	0
1997	8	2	0	0
1997	8	3	0	0.2
1997	8	4	0	0
1997	8	5	0	0
1997	8	6	9	12.4
1997	8	7	0	0.6
1997	8	8	0	0.4
1997	8	9	0	0
1997	8	10	7	0
1997	8	11	9	6.2
1997	8	12	0	8
1997	8	13	0	0
1997	8	14	0	0
1997	8	15	0	0
1997	8	16	9	0.2
1997	8	17	0	5.4
1997	8	18	0	0
1997	8	19	0	0
1997	8	20	23	19.2
1997	8	21	0	2.8
1997	8	22	0	4.6
1997	8	23	0	0
1997	8	24	0	0
1997	8	25	0	0
1997	8	26	0	0
1997	8	27	0	0
1997	8	28	0	0
1997	8	29	0	0.6
1997	8	30	0	0
1997	8	31	0	0
1997	9	1	0	0
1997	9	2	0	0
1997	9	3	40	11.8
1997	9	4	0	0
1997	9	5	0	0
1997	9	6	0	0
1997	9	7	0	0
1997	9	8	0	0.2
1997	9	9	0	0
1997	9	10	0	0
1997	9	11	0	0
1997	9	12	0	0
1997	9	13	0	NA
1997	9	14	0	NA
1997	9	15	0	NA
1997	9	16	0	NA
1997	9	17	0	NA
1997	9	18	0	NA
1997	9	19	0	NA
1997	9	20	0	NA
1997	9	21	0	NA
1997	9	22	0	NA
1997	9	23	4	NA
1997	9	24	0	NA
1997	9	25	0	NA
1997	9	26	0	NA
1997	9	27	0	NA
1997	9	28	0	NA
1997	9	29	0	NA
1997	9	30	0	NA
1997	10	1	0	NA
1997	10	2	0	NA
1997	10	3	0	NA
1997	10	4	0	NA
1997	10	5	0	NA
1997	10	6	7	NA
1997	10	7	0	NA
1997	10	8	0	NA
1997	10	9	0	NA
1997	10	10	0	NA
1997	10	11	0	NA
1997	10	12	0	NA
1997	10	13	0	NA
1997	10	14	0	NA
1997	10	15	0	NA
1997	10	16	0	NA
1997	10	17	0	NA
1997	10	18	0	NA
1997	10	19	0	NA
1997	10	20	0	NA
1997	10	21	0	NA
1997	10	22	0	NA
1997	10	23	0	NA
1997	10	24	9	NA
1997	10	25	0	NA
1997	10	26	0	NA
1997	10	27	0	NA
1997	10	28	30	NA
1997	10	29	0	NA
1997	10	30	0	NA
1997	10	31	0	NA
1997	11	1	NA	NA
1997	11	2	NA	NA
1997	11	3	NA	NA
1997	11	4	NA	NA
1997	11	5	NA	NA
1997	11	6	NA	NA
1997	11	7	NA	NA
1997	11	8	NA	NA
1997	11	9	NA	NA
1997	11	10	NA	NA
1997	11	11	NA	NA
1997	11	12	NA	NA
1997	11	13	NA	NA
1997	11	14	NA	NA
1997	11	15	NA	NA
1997	11	16	NA	NA
1997	11	17	NA	NA
1997	11	18	NA	NA
1997	11	19	NA	NA
1997	11	20	NA	NA
1997	11	21	NA	NA
1997	11	22	NA	NA
1997	11	23	NA	NA
1997	11	24	NA	NA
1997	11	25	NA	NA
1997	11	26	NA	NA
1997	11	27	NA	NA
1997	11	28	NA	NA
1997	11	29	NA	NA
1997	11	30	NA	NA
1997	12	1	0	NA
1997	12	2	0	NA
1997	12	3	0	NA
1997	12	4	0	NA
1997	12	5	0	NA
1997	12	6	0	NA
1997	12	7	0	NA
1997	12	8	0	NA
1997	12	9	0	NA
1997	12	10	0	NA
1997	12	11	0	NA
1997	12	12	0	NA
1997	12	13	0	NA
1997	12	14	0	NA
1997	12	15	0	NA
1997	12	16	0	NA
1997	12	17	0	NA
1997	12	18	0	NA
1997	12	19	127	NA
1997	12	20	0	NA
1997	12	21	0	NA
1997	12	22	0	NA
1997	12	23	0	NA
1997	12	24	0	NA
1997	12	25	0	NA
1997	12	26	0	NA
1997	12	27	0	NA
1997	12	28	0	NA
1997	12	29	0	NA
1997	12	30	0	NA
1997	12	31	0	NA
1998	1	1	0	NA
1998	1	2	0	NA
1998	1	3	0	NA
1998	1	4	0	NA
1998	1	5	0	NA
1998	1	6	0	NA
1998	1	7	0	NA
1998	1	8	0	NA
1998	1	9	0	NA
1998	1	10	0	0
1998	1	11	0	0
1998	1	12	0	0
1998	1	13	0	0
1998	1	14	20	1.2
1998	1	15	0	10.4
1998	1	16	0	0
1998	1	17	0	0
1998	1	18	0	0
1998	1	19	0	0
1998	1	20	0	0
1998	1	21	0	0
1998	1	22	0	0
1998	1	23	0	0
1998	1	24	0	0
1998	1	25	50	1
1998	1	26	0	1
1998	1	27	0	0
1998	1	28	0	0
1998	1	29	0	0
1998	1	30	0	0
1998	1	31	0	0
1998	2	1	0	0
1998	2	2	0	0
1998	2	3	0	0
1998	2	4	0	0
1998	2	5	0	0
1998	2	6	0	0
1998	2	7	0	0
1998	2	8	0	0
1998	2	9	0	0
1998	2	10	0	0
1998	2	11	0	0
1998	2	12	0	0
1998	2	13	0	0
1998	2	14	0	0
1998	2	15	0	0
1998	2	16	0	0
1998	2	17	0	0
1998	2	18	0	0
1998	2	19	0	0
1998	2	20	0	0
1998	2	21	0	0
1998	2	22	0	0
1998	2	23	52	13.4
1998	2	24	0	17.6
1998	2	25	0	0
1998	2	26	0	0
1998	2	27	0	0
1998	2	28	0	0
1998	3	1	0	0
1998	3	2	0	0
1998	3	3	0	0
1998	3	4	0	0
1998	3	5	0	0
1998	3	6	0	0
1998	3	7	0	0
1998	3	8	0	0
1998	3	9	0	0
1998	3	10	0	0
1998	3	11	0	0
1998	3	12	0	0
1998	3	13	0	0
1998	3	14	0	0
1998	3	15	0	0
1998	3	16	0	0
1998	3	17	0	0
1998	3	18	0	0
1998	3	19	0	0
1998	3	20	0	0
1998	3	21	3	0
1998	3	22	0	2
1998	3	23	0	0
1998	3	24	35	4.2
1998	3	25	0	8.4
1998	3	26	0	0
1998	3	27	0	0
1998	3	28	0	0
1998	3	29	0	0
1998	3	30	0	0
1998	3	31	0	0
1998	4	1	0	0
1998	4	2	0	0
1998	4	3	0	0
1998	4	4	0	0
1998	4	5	0	0
1998	4	6	0	0
1998	4	7	7	0
1998	4	8	0	3.6
1998	4	9	0	0
1998	4	10	22	15
1998	4	11	18	6
1998	4	12	0	9.8
1998	4	13	0	0
1998	4	14	0	1
1998	4	15	24	0.6
1998	4	16	0	21.4
1998	4	17	0	1
1998	4	18	0	0
1998	4	19	0	0
1998	4	20	0	0
1998	4	21	0	0
1998	4	22	0	0
1998	4	23	0	0
1998	4	24	0	0
1998	4	25	0	0
1998	4	26	0	0
1998	4	27	31	6
1998	4	28	0	18.8
1998	4	29	0	0
1998	4	30	34	58.6
1998	5	1	0	24.6
1998	5	2	0	0.2
1998	5	3	0	0
1998	5	4	0	0
1998	5	5	0	0
1998	5	6	0	0
1998	5	7	0	0.8
1998	5	8	0	0
1998	5	9	0	0
1998	5	10	0	0
1998	5	11	0	0
1998	5	12	0	0
1998	5	13	0	0
1998	5	14	0	0
1998	5	15	61	42.6
1998	5	16	0	2.4
1998	5	17	18	0.4
1998	5	18	0	16.2
1998	5	19	0	0
1998	5	20	0	0
1998	5	21	0	0
1998	5	22	0	0
1998	5	23	0	0
1998	5	24	0	0.4
1998	5	25	10	14.8
1998	5	26	0	0
1998	5	27	0	1
1998	5	28	54	0.8
1998	5	29	17	43
1998	5	30	0	18.2
1998	5	31	0	0.2
1998	6	1	0	0
1998	6	2	0	0
1998	6	3	0	0
1998	6	4	0	0
1998	6	5	0	0
1998	6	6	0	0
1998	6	7	0	5
1998	6	8	0	2.4
1998	6	9	0	0
1998	6	10	19	0
1998	6	11	11	23.6
1998	6	12	0	12.8
1998	6	13	0	0
1998	6	14	0	0
1998	6	15	0	0
1998	6	16	0	0
1998	6	17	16	22
1998	6	18	0	0
1998	6	19	0	0
1998	6	20	0	0
1998	6	21	0	0
1998	6	22	0	0
1998	6	23	0	0
1998	6	24	0	0
1998	6	25	0	0
1998	6	26	0	0
1998	6	27	0	0
1998	6	28	0	0
1998	6	29	0	0
1998	6	30	0	0
1998	7	1	0	0
1998	7	2	0	0
1998	7	3	0	0
1998	7	4	0	0
1998	7	5	0	0
1998	7	6	0	0
1998	7	7	0	1.4
1998	7	8	0	3
1998	7	9	0	0
1998	7	10	0	0
1998	7	11	0	0
1998	7	12	0	0
1998	7	13	0	0
1998	7	14	0	0
1998	7	15	8	4.4
1998	7	16	0	0
1998	7	17	0	0
1998	7	18	0	0
1998	7	19	0	0
1998	7	20	0	0
1998	7	21	0	0
1998	7	22	0	0
1998	7	23	0	0
1998	7	24	0	0
1998	7	25	0	0
1998	7	26	0	0
1998	7	27	0	0.2
1998	7	28	0	1.2
1998	7	29	0	0
1998	7	30	0	0
1998	7	31	0	1.4
1998	8	1	0	2
1998	8	2	0	0
1998	8	3	112	9.4
1998	8	4	0	86.4
1998	8	5	0	0
1998	8	6	0	0
1998	8	7	0	0
1998	8	8	0	0
1998	8	9	0	0
1998	8	10	0	0
1998	8	11	0	0
1998	8	12	0	0
1998	8	13	0	0
1998	8	14	0	0
1998	8	15	0	0
1998	8	16	6	0
1998	8	17	0	0.8
1998	8	18	5	0.8
1998	8	19	0	4.8
1998	8	20	0	0
1998	8	21	0	0
1998	8	22	0	0
1998	8	23	0	0
1998	8	24	0	0
1998	8	25	0	0
1998	8	26	0	0
1998	8	27	0	0
1998	8	28	7	6.2
1998	8	29	0	11.6
1998	8	30	0	0
1998	8	31	0	0
1998	9	1	0	0
1998	9	2	0	0
1998	9	3	0	0
1998	9	4	12	0
1998	9	5	0	9
1998	9	6	0	0.2
1998	9	7	62	0
1998	9	8	0	48.2
1998	9	9	0	0
1998	9	10	0	0
1998	9	11	0	0
1998	9	12	0	2.2
1998	9	13	0	0
1998	9	14	0	0
1998	9	15	0	0
1998	9	16	0	0
1998	9	17	0	0
1998	9	18	0	0
1998	9	19	0	0
1998	9	20	0	0
1998	9	21	0	0
1998	9	22	0	0
1998	9	23	0	0
1998	9	24	0	0
1998	9	25	0	3.4
1998	9	26	17	1.2
1998	9	27	0	12.2
1998	9	28	0	0.2
1998	9	29	0	0
1998	9	30	34	6.4
1998	10	1	0	24
1998	10	2	0	0
1998	10	3	0	1
1998	10	4	0	0
1998	10	5	42	14.8
1998	10	6	0	17
1998	10	7	0	4.6
1998	10	8	0	7
1998	10	9	34	33.2
1998	10	10	0	2.4
1998	10	11	0	0
1998	10	12	0	0
1998	10	13	0	0
1998	10	14	0	0
1998	10	15	0	0
1998	10	16	0	0
1998	10	17	0	0
1998	10	18	0	0
1998	10	19	14	12.2
1998	10	20	0	0.8
1998	10	21	0	0
1998	10	22	0	0
1998	10	23	0	0
1998	10	24	0	0
1998	10	25	8	0
1998	10	26	0	0.4
1998	10	27	0	0
1998	10	28	0	0
1998	10	29	0	0
1998	10	30	0	0
1998	10	31	0	0
1998	11	1	0	0
1998	11	2	0	0
1998	11	3	0	0
1998	11	4	0	2.6
1998	11	5	0	0
1998	11	6	0	0
1998	11	7	0	0
1998	11	8	0	0
1998	11	9	0	0
1998	11	10	0	0
1998	11	11	0	0
1998	11	12	0	0
1998	11	13	0	0
1998	11	14	0	0
1998	11	15	0	0
1998	11	16	0	0
1998	11	17	0	0
1998	11	18	0	0
1998	11	19	0	0
1998	11	20	0	0
1998	11	21	15	0
1998	11	22	0	0
1998	11	23	0	0
1998	11	24	0	0
1998	11	25	0	0.6
1998	11	26	7	3.6
1998	11	27	5	2.2
1998	11	28	0	1.4
1998	11	29	0	0.2
1998	11	30	4	0
1998	12	1	0	7.6
1998	12	2	0	12.6
1998	12	3	0	2.2
1998	12	4	28	3.6
1998	12	5	0	0
1998	12	6	0	0
1998	12	7	0	0
1998	12	8	0	0
1998	12	9	0	0
1998	12	10	0	0
1998	12	11	0	0
1998	12	12	0	0
1998	12	13	0	0.2
1998	12	14	0	0
1998	12	15	0	0
1998	12	16	0	0
1998	12	17	0	0
1998	12	18	0	0
1998	12	19	0	0
1998	12	20	0	0
1998	12	21	6	2.8
1998	12	22	0	17
1998	12	23	0	0.6
1998	12	24	0	0
1998	12	25	0	0
1998	12	26	0	0
1998	12	27	0	0
1998	12	28	0	0
1998	12	29	0	0
1998	12	30	0	0
1998	12	31	21	4.2
1999	1	1	0	5.4
1999	1	2	0	19.8
1999	1	3	0	2.4
1999	1	4	0	0
1999	1	5	0	0
1999	1	6	0	0
1999	1	7	0	0
1999	1	8	0	0
1999	1	9	0	0
1999	1	10	0	8.4
1999	1	11	0	38.6
1999	1	12	0	6
1999	1	13	0	0
1999	1	14	56	0
1999	1	15	0	0
1999	1	16	0	0
1999	1	17	0	0
1999	1	18	0	2.4
1999	1	19	0	0
1999	1	20	0	0
1999	1	21	0	0
1999	1	22	0	0
1999	1	23	0	0
1999	1	24	0	0
1999	1	25	0	0
1999	1	26	0	0
1999	1	27	0	0
1999	1	28	0	0
1999	1	29	0	0
1999	1	30	0	0
1999	1	31	0	0
1999	2	1	0	0
1999	2	2	0	0
1999	2	3	0	0
1999	2	4	0	0
1999	2	5	0	0
1999	2	6	0	0
1999	2	7	0	0
1999	2	8	0	0
1999	2	9	0	0
1999	2	10	0	0
1999	2	11	0	0
1999	2	12	0	0
1999	2	13	0	0
1999	2	14	0	0
1999	2	15	0	0
1999	2	16	0	0
1999	2	17	0	0
1999	2	18	0	0
1999	2	19	0	0.2
1999	2	20	0	0
1999	2	21	0	0
1999	2	22	0	0
1999	2	23	0	0
1999	2	24	0	0
1999	2	25	0	0
1999	2	26	0	0
1999	2	27	0	0
1999	2	28	0	0
1999	3	1	0	0
1999	3	2	0	0
1999	3	3	0	0
1999	3	4	8	6.4
1999	3	5	0.2	12.8
1999	3	6	0	0
1999	3	7	0	1.4
1999	3	8	0	0
1999	3	9	0	0
1999	3	10	0	0
1999	3	11	0	0
1999	3	12	0	0
1999	3	13	0	0
1999	3	14	0	0
1999	3	15	0	0
1999	3	16	0	0
1999	3	17	0	10.8
1999	3	18	0	4.8
1999	3	19	0	0
1999	3	20	0	0
1999	3	21	0	0
1999	3	22	0	0
1999	3	23	0	0
1999	3	24	0	0
1999	3	25	0	0
1999	3	26	0	22
1999	3	27	54	44.8
1999	3	28	0	5
1999	3	29	0	0
1999	3	30	0	0
1999	3	31	0	0
1999	4	1	0	0
1999	4	2	0	0
1999	4	3	0	0
1999	4	4	0	0
1999	4	5	0	0
1999	4	6	0	0
1999	4	7	0	0
1999	4	8	23	25.4
1999	4	9	0	3.8
1999	4	10	0	0
1999	4	11	33	0
1999	4	12	0	20
1999	4	13	0	0
1999	4	14	0	0
1999	4	15	0	0
1999	4	16	0	0.6
1999	4	17	0	0
1999	4	18	0	0
1999	4	19	0	0
1999	4	20	28	0
1999	4	21	0	0
1999	4	22	0	4.8
1999	4	23	10	0.8
1999	4	24	17	31.8
1999	4	25	0	6.8
1999	4	26	0	0.4
1999	4	27	64	31
1999	4	28	0	10.6
1999	4	29	0	0.4
1999	4	30	0	0.2
1999	5	1	0	0
1999	5	2	0	0
1999	5	3	0	2.4
1999	5	4	155	112.6
1999	5	5	0	30.2
1999	5	6	7	7.8
1999	5	7	0	3.4
1999	5	8	10	0.2
1999	5	9	0	5.4
1999	5	10	0	0
1999	5	11	0	0
1999	5	12	0	0
1999	5	13	0	0
1999	5	14	0	0
1999	5	15	0	0
1999	5	16	0	13.4
1999	5	17	0	9.8
1999	5	18	48	10.2
1999	5	19	0	0.2
1999	5	20	0	7.8
1999	5	21	0	0.4
1999	5	22	0	0
1999	5	23	0	0
1999	5	24	0	0
1999	5	25	0	0
1999	5	26	12	0
1999	5	27	0	1
1999	5	28	0	0.2
1999	5	29	0	0
1999	5	30	0	0
1999	5	31	0	0
1999	6	1	0	0.4
1999	6	2	0	0
1999	6	3	0	0
1999	6	4	0	0
1999	6	5	0	0
1999	6	6	0	0
1999	6	7	0	0.2
1999	6	8	0	0
1999	6	9	0	0
1999	6	10	17	0.8
1999	6	11	0	18.6
1999	6	12	0	0.6
1999	6	13	15	1.6
1999	6	14	0	1.2
1999	6	15	0	25.4
1999	6	16	15	6
1999	6	17	0	0
1999	6	18	0	0
1999	6	19	0	0
1999	6	20	0	3.8
1999	6	21	0	0
1999	6	22	0	0
1999	6	23	5	0
1999	6	24	0	0
1999	6	25	0	0
1999	6	26	0	0
1999	6	27	5	0
1999	6	28	0	0
1999	6	29	0	0
1999	6	30	0	0
1999	7	1	0	0
1999	7	2	0	0
1999	7	3	0	0
1999	7	4	5	0
1999	7	5	0	0
1999	7	6	0	0
1999	7	7	5	5
1999	7	8	0	5.2
1999	7	9	0	0
1999	7	10	0	0
1999	7	11	20	19.8
1999	7	12	0	0.6
1999	7	13	5	0
1999	7	14	0	1.2
1999	7	15	0	0
1999	7	16	0	0
1999	7	17	3	14
1999	7	18	0	0
1999	7	19	5	3.2
1999	7	20	0	0.2
1999	7	21	0	0
1999	7	22	0	0
1999	7	23	0	0.8
1999	7	24	0	0
1999	7	25	0	0
1999	7	26	0	0
1999	7	27	0	0
1999	7	28	31	21.6
1999	7	29	0	17.4
1999	7	30	0	0
1999	7	31	11	9
1999	8	1	0	0.4
1999	8	2	0	0
1999	8	3	5	0
1999	8	4	0	0.2
1999	8	5	0	0.2
1999	8	6	5	0
1999	8	7	0	0
1999	8	8	0	0
1999	8	9	0	0
1999	8	10	0	0.4
1999	8	11	0	0
1999	8	12	5	0
1999	8	13	2	11
1999	8	14	0	0
1999	8	15	0	0
1999	8	16	3	0
1999	8	17	0	0.2
1999	8	18	0	0
1999	8	19	0	0
1999	8	20	0	1.4
1999	8	21	12	0.8
1999	8	22	0	1.4
1999	8	23	0	0.2
1999	8	24	0	0
1999	8	25	0	0
1999	8	26	0	0
1999	8	27	0	4
1999	8	28	0	0
1999	8	29	21	3.2
1999	8	30	0	15
1999	8	31	0	0
1999	9	1	0	0
1999	9	2	0	0
1999	9	3	34	36
1999	9	4	0	8.6
1999	9	5	0	0
1999	9	6	0	0
1999	9	7	5	0
1999	9	8	0	0
1999	9	9	0	0
1999	9	10	0	0
1999	9	11	0	0
1999	9	12	0	0
1999	9	13	0	0
1999	9	14	0	0
1999	9	15	17	0
1999	9	16	0	16.2
1999	9	17	0	0
1999	9	18	16	2.4
1999	9	19	12	6
1999	9	20	0	63.2
1999	9	21	0	0.2
1999	9	22	0	0
1999	9	23	0	0
1999	9	24	0	0
1999	9	25	0	0
1999	9	26	0	0
1999	9	27	0	0
1999	9	28	0	0
1999	9	29	0	0
1999	9	30	0	0
1999	10	1	0	2.2
1999	10	2	0	0
1999	10	3	0	0
1999	10	4	0	0
1999	10	5	0	0
1999	10	6	0	0
1999	10	7	0	0
1999	10	8	0	0
1999	10	9	0	0
1999	10	10	0	0
1999	10	11	0	0
1999	10	12	0	0
1999	10	13	0	0
1999	10	14	0	5.2
1999	10	15	35	0
1999	10	16	25	7
1999	10	17	15	4
1999	10	18	15	20.6
1999	10	19	15	14
1999	10	20	50	5.2
1999	10	21	4	53.4
1999	10	22	15	20.8
1999	10	23	10	16.6
1999	10	24	10	2
1999	10	25	0	12.8
1999	10	26	0	3.8
1999	10	27	0	0
1999	10	28	0	0
1999	10	29	0	0
1999	10	30	0	0
1999	10	31	0	0
1999	11	1	0	0
1999	11	2	0	0
1999	11	3	30	2.6
1999	11	4	30	30.4
1999	11	5	0	21.8
1999	11	6	0	0.4
1999	11	7	0	8.6
1999	11	8	0	0
1999	11	9	0	0
1999	11	10	0	0
1999	11	11	0	0
1999	11	12	16	11
1999	11	13	0	0
1999	11	14	0	6.6
1999	11	15	30	0
1999	11	16	0	18
1999	11	17	0	0
1999	11	18	0	0.4
1999	11	19	0	0
1999	11	20	0	2
1999	11	21	8	0
1999	11	22	0	2.8
1999	11	23	0	6.4
1999	11	24	0	13.4
1999	11	25	0	0
1999	11	26	0	0
1999	11	27	0	0
1999	11	28	0	0
1999	11	29	0	0
1999	11	30	0	0
1999	12	1	0	0
1999	12	2	0	0
1999	12	3	0	0
1999	12	4	0	0
1999	12	5	0	0
1999	12	6	0	0
1999	12	7	0	0
1999	12	8	0	0
1999	12	9	0	0
1999	12	10	0	1.2
1999	12	11	0	0.4
1999	12	12	0	0
1999	12	13	0	0
1999	12	14	0	0
1999	12	15	0	0
1999	12	16	15	0
1999	12	17	0	0.4
1999	12	18	0	6.4
1999	12	19	0	6.2
1999	12	20	0	5.8
1999	12	21	0	1.6
1999	12	22	0	4.6
1999	12	23	0	0
1999	12	24	0	0
1999	12	25	0	0
1999	12	26	0	0
1999	12	27	0	0
1999	12	28	0	0.2
1999	12	29	0	0
1999	12	30	0	0
1999	12	31	0	0
2000	1	1	0	0
2000	1	2	0	0
2000	1	3	0	0
2000	1	4	0	0
2000	1	5	0	0
2000	1	6	0	0
2000	1	7	0	0
2000	1	8	0	0
2000	1	9	0	0
2000	1	10	0	0
2000	1	11	0	0
2000	1	12	0	0
2000	1	13	0	0.2
2000	1	14	0	0
2000	1	15	28	3.2
2000	1	16	0	13.4
2000	1	17	0	0.2
2000	1	18	0	0
2000	1	19	0	0
2000	1	20	0	0
2000	1	21	0	0
2000	1	22	0	0
2000	1	23	0	0
2000	1	24	0	0
2000	1	25	0	1.8
2000	1	26	0	0
2000	1	27	0	0
2000	1	28	0	0
2000	1	29	0	0
2000	1	30	0	0
2000	1	31	0	0
2000	2	1	0	0
2000	2	2	0	0
2000	2	3	0	0
2000	2	4	0	0
2000	2	5	0	0
2000	2	6	0	0
2000	2	7	0	0
2000	2	8	0	0.8
2000	2	9	0	0
2000	2	10	0	0
2000	2	11	0	0
2000	2	12	0	0
2000	2	13	0	0
2000	2	14	0	0
2000	2	15	0	0
2000	2	16	0	0
2000	2	17	0	0
2000	2	18	0	0
2000	2	19	0	0
2000	2	20	0	0
2000	2	21	0	0
2000	2	22	0	0
2000	2	23	0	0
2000	2	24	0	0
2000	2	25	0	0
2000	2	26	0	0
2000	2	27	0	0
2000	2	28	0	0
2000	2	29	0	0
2000	3	1	0	0
2000	3	2	0	0
2000	3	3	0	0
2000	3	4	0	0
2000	3	5	0	0
2000	3	6	0	0
2000	3	7	0	0
2000	3	8	0	0
2000	3	9	0	0
2000	3	10	0	0
2000	3	11	0	0
2000	3	12	0	0
2000	3	13	0	0
2000	3	14	0	0
2000	3	15	0	0
2000	3	16	0	0
2000	3	17	0	0
2000	3	18	0	0
2000	3	19	15	12.6
2000	3	20	10	9.4
2000	3	21	0	0
2000	3	22	0	0
2000	3	23	0	0
2000	3	24	0	0
2000	3	25	0	0.2
2000	3	26	0	0.6
2000	3	27	0	0
2000	3	28	0	0
2000	3	29	18	12.4
2000	3	30	0	0
2000	3	31	4	0
2000	4	1	4	4.8
2000	4	2	0	0
2000	4	3	30	15.4
2000	4	4	20	19.2
2000	4	5	0	5.8
2000	4	6	0	0
2000	4	7	10	2
2000	4	8	0	8.8
2000	4	9	0	0
2000	4	10	20	14
2000	4	11	0	1.2
2000	4	12	0	0
2000	4	13	0	0
2000	4	14	0	0
2000	4	15	5	3.4
2000	4	16	0	0
2000	4	17	65	38
2000	4	18	0	2.6
2000	4	19	0	0
2000	4	20	0	0
2000	4	21	0	0
2000	4	22	0	0
2000	4	23	0	0
2000	4	24	35	28.6
2000	4	25	0	0
2000	4	26	0	0
2000	4	27	0	0
2000	4	28	0	27.8
2000	4	29	65	40.8
2000	4	30	0	0.2
2000	5	1	0	0.4
2000	5	2	30	0
2000	5	3	0	26.4
2000	5	4	0	0
2000	5	5	15	1
2000	5	6	30	13.6
2000	5	7	30	22.4
2000	5	8	15	21.4
2000	5	9	10	1
2000	5	10	10	7.2
2000	5	11	38	5.2
2000	5	12	0	16.6
2000	5	13	0	0
2000	5	14	0	0.2
2000	5	15	0	0
2000	5	16	0	0
2000	5	17	0	0
2000	5	18	0	0.8
2000	5	19	0	0
2000	5	20	5	0
2000	5	21	0	0
2000	5	22	0	0
2000	5	23	0	0
2000	5	24	0	0
2000	5	25	0	1.4
2000	5	26	0	0
2000	5	27	0	0
2000	5	28	0	0.2
2000	5	29	0	0
2000	5	30	0	0
2000	5	31	0	0
2000	6	1	0	0
2000	6	2	0	0
2000	6	3	0	0
2000	6	4	0	0
2000	6	5	0	1
2000	6	6	20	0.4
2000	6	7	0	15.8
2000	6	8	10	0
2000	6	9	0	1.4
2000	6	10	24	0
2000	6	11	75	64
2000	6	12	220	198.4
2000	6	13	25	21.8
2000	6	14	0	34.8
2000	6	15	0	0.4
2000	6	16	0	0
2000	6	17	0	0
2000	6	18	0	0
2000	6	19	0	0
2000	6	20	0	0
2000	6	21	0	0
2000	6	22	0	0
2000	6	23	0	0
2000	6	24	0	0
2000	6	25	0	0
2000	6	26	0	0
2000	6	27	0	0
2000	6	28	0	0
2000	6	29	0	0
2000	6	30	0	0
2000	7	1	0	0
2000	7	2	0	0
2000	7	3	0	0
2000	7	4	0	0.8
2000	7	5	0	0
2000	7	6	0	0
2000	7	7	0	0
2000	7	8	0	0
2000	7	9	0	4.6
2000	7	10	10	0
2000	7	11	8	10.4
2000	7	12	0	1.4
2000	7	13	0	0
2000	7	14	0	0
2000	7	15	5	0
2000	7	16	0	3.2
2000	7	17	0	0
2000	7	18	0	0
2000	7	19	0	0
2000	7	20	0	0
2000	7	21	0	0
2000	7	22	0	0
2000	7	23	0	0
2000	7	24	20	16.4
2000	7	25	0	0.4
2000	7	26	5	0.8
2000	7	27	0	0
2000	7	28	0	0
2000	7	29	0	0
2000	7	30	0	0
2000	7	31	0	0
2000	8	1	0	0
2000	8	2	0	0
2000	8	3	0	0.2
2000	8	4	35	2.2
2000	8	5	12	25.4
2000	8	6	0	2.6
2000	8	7	0	0
2000	8	8	0	0
2000	8	9	0	0
2000	8	10	0	0
2000	8	11	0	0
2000	8	12	18	0
2000	8	13	0	11.4
2000	8	14	0	0
2000	8	15	0	0
2000	8	16	0	0
2000	8	17	0	0
2000	8	18	0	0
2000	8	19	0	0
2000	8	20	0	0
2000	8	21	0	0
2000	8	22	0	0
2000	8	23	0	0
2000	8	24	0	0
2000	8	25	0	0
2000	8	26	0	0
2000	8	27	0	0
2000	8	28	20	11.6
2000	8	29	0	0
2000	8	30	3	0.6
2000	8	31	5	1.2
2000	9	1	0	3.6
2000	9	2	0	0
2000	9	3	0	0
2000	9	4	0	0
2000	9	5	0	0
2000	9	6	0	0
2000	9	7	0	0
2000	9	8	0	0
2000	9	9	0	0
2000	9	10	0	0
2000	9	11	0	0
2000	9	12	0	0
2000	9	13	0	0
2000	9	14	0	0
2000	9	15	0	0
2000	9	16	0	0
2000	9	17	0	0
2000	9	18	0	0
2000	9	19	0	0.2
2000	9	20	8	2.2
2000	9	21	20	19.2
2000	9	22	0	0
2000	9	23	0	0
2000	9	24	0	0
2000	9	25	0	0
2000	9	26	0	0
2000	9	27	0	0
2000	9	28	0	0
2000	9	29	0	3
2000	9	30	60	52.6
2000	10	1	0	3.2
2000	10	2	0	0
2000	10	3	4.8	8.2
2000	10	4	0	0
2000	10	5	0	0
2000	10	6	70	34.4
2000	10	7	0	12
2000	10	8	0	0
2000	10	9	0	0
2000	10	10	0	0
2000	10	11	18	0.6
2000	10	12	4	14
2000	10	13	60	4
2000	10	14	0	7.2
2000	10	15	135	109.8
2000	10	16	58	33.4
2000	10	17	40	16.4
2000	10	18	0	0
2000	10	19	0	0
2000	10	20	7	0
2000	10	21	0	0
2000	10	22	0	0
2000	10	23	80	0
2000	10	24	0	0
2000	10	25	0	0
2000	10	26	0	0
2000	10	27	0	0
2000	10	28	0	0
2000	10	29	0	0
2000	10	30	5	0
2000	10	31	0	2.8
2000	11	1	0	0.2
2000	11	2	0	0
2000	11	3	18	6.8
2000	11	4	0	1.4
2000	11	5	0	0
2000	11	6	30	30.8
2000	11	7	0	24.2
2000	11	8	0	0
2000	11	9	0	0
2000	11	10	0	0
2000	11	11	0	0
2000	11	12	0	0
2000	11	13	60	0
2000	11	14	0	18
2000	11	15	0	5.4
2000	11	16	0	4
2000	11	17	40	23.4
2000	11	18	0	1.4
2000	11	19	0	0
2000	11	20	7	0
2000	11	21	0	0.2
2000	11	22	0	0
2000	11	23	80	4
2000	11	24	0	74.8
2000	11	25	0	0.8
2000	11	26	0	0
2000	11	27	0	0
2000	11	28	0	0
2000	11	29	0	0
2000	11	30	0	0
2000	12	1	0	0
2000	12	2	0	0
2000	12	3	0	6
2000	12	4	0	1.2
2000	12	5	0	0
2000	12	6	0	0
2000	12	7	0	0
2000	12	8	0	0.8
2000	12	9	0	0.2
2000	12	10	0	0
2000	12	11	0	0
2000	12	12	0	0
2000	12	13	0	0
2000	12	14	0	0
2000	12	15	0	0
2000	12	16	0	0
2000	12	17	0	0
2000	12	18	0	0
2000	12	19	0	0
2000	12	20	0	0
2000	12	21	0	0
2000	12	22	0	0
2000	12	23	0	0
2000	12	24	0	0
2000	12	25	0	42.6
2000	12	26	0	2.8
2000	12	27	0	7.4
2000	12	28	0	0
2000	12	29	0	0
2000	12	30	0	0
2000	12	31	0	0
2001	1	1	0	0
2001	1	2	3	0
2001	1	3	0	8.6
2001	1	4	0	0
2001	1	5	0	1.2
2001	1	6	0	0
2001	1	7	0	6.8
2001	1	8	0	0
2001	1	9	0	0
2001	1	10	0	0
2001	1	11	0	0
2001	1	12	4	0
2001	1	13	0	5.4
2001	1	14	0	3
2001	1	15	0	0
2001	1	16	0	0
2001	1	17	4	0
2001	1	18	0	0.6
2001	1	19	0	0
2001	1	20	0	0.2
2001	1	21	0	0
2001	1	22	0	0
2001	1	23	0	0
2001	1	24	0	0
2001	1	25	3	0.6
2001	1	26	0	0
2001	1	27	0	0
2001	1	28	0	0
2001	1	29	0	0.2
2001	1	30	0	0
2001	1	31	0	0
2001	2	1	0	0
2001	2	2	0	0
2001	2	3	0	0
2001	2	4	0	0
2001	2	5	0	0
2001	2	6	0	0
2001	2	7	0	0
2001	2	8	0	7
2001	2	9	0	35.2
2001	2	10	0	1.4
2001	2	11	0	0
2001	2	12	0	0
2001	2	13	0	0
2001	2	14	0	0
2001	2	15	0	0.2
2001	2	16	0	0
2001	2	17	0	0
2001	2	18	28	12.4
2001	2	19	0	0
2001	2	20	0	0
2001	2	21	0	0
2001	2	22	0	0
2001	2	23	0	0
2001	2	24	NA	0
2001	2	25	NA	3
2001	2	26	NA	2.8
2001	2	27	NA	0
2001	2	28	NA	25.6
2001	3	1	0	4.4
2001	3	2	0	0
2001	3	3	0	9.6
2001	3	4	0	0
2001	3	5	0	0
2001	3	6	0	0.4
2001	3	7	0	0
2001	3	8	35	0
2001	3	9	0	0
2001	3	10	0	0
2001	3	11	0	0
2001	3	12	0	0
2001	3	13	15	9.6
2001	3	14	0	0
2001	3	15	0	0
2001	3	16	0	0
2001	3	17	90	23.4
2001	3	18	0	2.8
2001	3	19	0	0
2001	3	20	0	0
2001	3	21	0	0
2001	3	22	0	0
2001	3	23	0	0
2001	3	24	0	0
2001	3	25	0	0
2001	3	26	0	0
2001	3	27	0	2.2
2001	3	28	0	0.6
2001	3	29	35	1.4
2001	3	30	0	17.6
2001	3	31	0	0.2
2001	4	1	0	0
2001	4	2	0	0
2001	4	3	0	0
2001	4	4	0	0
2001	4	5	0	0
2001	4	6	0	0
2001	4	7	7	2.4
2001	4	8	0	0.2
2001	4	9	0	0
2001	4	10	0	0
2001	4	11	0	0.8
2001	4	12	0	0
2001	4	13	0	0
2001	4	14	5	1.2
2001	4	15	0	0
2001	4	16	0	0
2001	4	17	0	0
2001	4	18	0	0
2001	4	19	0	0
2001	4	20	0	0
2001	4	21	6	4.2
2001	4	22	0	0.2
2001	4	23	0	0
2001	4	24	0	0
2001	4	25	7	0
2001	4	26	0	6
2001	4	27	0	0
2001	4	28	0	0
2001	4	29	0	0
2001	4	30	30	2
2001	5	1	65	31.4
2001	5	2	10	40.8
2001	5	3	10	9.2
2001	5	4	0	4.2
2001	5	5	45	39.4
2001	5	6	0	2.2
2001	5	7	15	10.2
2001	5	8	0	1.2
2001	5	9	0	0.8
2001	5	10	0	0
2001	5	11	0	26.4
2001	5	12	0	2.4
2001	5	13	0	0
2001	5	14	27	0.2
2001	5	15	0	0.8
2001	5	16	0	0.6
2001	5	17	10	0
2001	5	18	6	5.2
2001	5	19	0	8.4
2001	5	20	0	0
2001	5	21	30	4.8
2001	5	22	0	17.2
2001	5	23	10	0
2001	5	24	0	2.6
2001	5	25	15	0
2001	5	26	0	3.4
2001	5	27	0	0
2001	5	28	0	0
2001	5	29	0	0
2001	5	30	0	0
2001	5	31	0	0
2001	6	1	0	0
2001	6	2	0	0
2001	6	3	0	0
2001	6	4	0	0
2001	6	5	0	0
2001	6	6	0	0
2001	6	7	0	0
2001	6	8	0	0
2001	6	9	0	0
2001	6	10	0	0
2001	6	11	0	0
2001	6	12	0	0
2001	6	13	0	0
2001	6	14	0	1
2001	6	15	0	0
2001	6	16	0	0
2001	6	17	5	0
2001	6	18	0	2.4
2001	6	19	0	0
2001	6	20	0	0
2001	6	21	13	0
2001	6	22	0	0
2001	6	23	0	0
2001	6	24	0	0
2001	6	25	0	0
2001	6	26	0	0
2001	6	27	0	0
2001	6	28	0	0
2001	6	29	0	9.4
2001	6	30	0	0
2001	7	1	0	0
2001	7	2	0	0
2001	7	3	0	0
2001	7	4	20	17.8
2001	7	5	0	0
2001	7	6	0	0
2001	7	7	0	0
2001	7	8	0	0
2001	7	9	0	0.2
2001	7	10	0	0
2001	7	11	0	0
2001	7	12	0	0
2001	7	13	0	0
2001	7	14	0	0
2001	7	15	5	0
2001	7	16	4	2.2
2001	7	17	0	4.6
2001	7	18	0	0
2001	7	19	10	0
2001	7	20	0	8
2001	7	21	0	0
2001	7	22	0	0
2001	7	23	0	0
2001	7	24	0	0
2001	7	25	0	0.2
2001	7	26	0	0
2001	7	27	5	0
2001	7	28	0	2.6
2001	7	29	0	0
2001	7	30	0	0
2001	7	31	0	0
2001	8	1	0	0
2001	8	2	0	0
2001	8	3	0	0
2001	8	4	0	0
2001	8	5	0	0
2001	8	6	0	0
2001	8	7	0	0
2001	8	8	0	0
2001	8	9	0	0
2001	8	10	3	0
2001	8	11	0	1
2001	8	12	0	0
2001	8	13	0	0
2001	8	14	0	0
2001	8	15	0	0
2001	8	16	0	0
2001	8	17	0	0
2001	8	18	0	0
2001	8	19	0	0
2001	8	20	0	0
2001	8	21	0	0
2001	8	22	0	0
2001	8	23	0	0
2001	8	24	0	0
2001	8	25	0	0
2001	8	26	0	0
2001	8	27	0	0
2001	8	28	0	0
2001	8	29	0	0
2001	8	30	10	0
2001	8	31	6	NA
2001	9	1	6	NA
2001	9	2	0	NA
2001	9	3	0	0
2001	9	4	0	NA
2001	9	5	0	0
2001	9	6	0	0
2001	9	7	0	0
2001	9	8	0	0
2001	9	9	0	0
2001	9	10	0	0
2001	9	11	0	0
2001	9	12	0	0
2001	9	13	0	0
2001	9	14	0	0
2001	9	15	0	0.6
2001	9	16	0	0
2001	9	17	0	0
2001	9	18	3	0
2001	9	19	0	4.2
2001	9	20	0	0
2001	9	21	0	0
2001	9	22	10	0.2
2001	9	23	20	22.8
2001	9	24	0	5
2001	9	25	0	0
2001	9	26	0	0
2001	9	27	0	0
2001	9	28	0	0
2001	9	29	5	0.8
2001	9	30	0	3.8
2001	10	1	0	0
2001	10	2	0	0
2001	10	3	0	0
2001	10	4	0	0
2001	10	5	0	0
2001	10	6	0	0
2001	10	7	9	0
2001	10	8	0	2
2001	10	9	7	0
2001	10	10	0	8
2001	10	11	0	0
2001	10	12	0	0
2001	10	13	0	0
2001	10	14	0	0
2001	10	15	0	0
2001	10	16	0	0
2001	10	17	0	0
2001	10	18	0	0
2001	10	19	0	0
2001	10	20	30	0.8
2001	10	21	0	29.4
2001	10	22	0	0.2
2001	10	23	0	0
2001	10	24	0	0.2
2001	10	25	0	0
2001	10	26	0	0
2001	10	27	0	0
2001	10	28	0	0
2001	10	29	0	0
2001	10	30	0	0
2001	10	31	0	0
2001	11	1	0	0
2001	11	2	0	0
2001	11	3	0	0
2001	11	4	0	0
2001	11	5	0	0
2001	11	6	6	0.6
2001	11	7	0	0.4
2001	11	8	0	0
2001	11	9	0	0
2001	11	10	NA	6.2
2001	11	11	70	3.2
2001	11	12	0	44.6
2001	11	13	0	0.6
2001	11	14	30	0.2
2001	11	15	0	22.4
2001	11	16	0	0
2001	11	17	0	0
2001	11	18	0	0
2001	11	19	5	0
2001	11	20	0	3
2001	11	21	0	0
2001	11	22	0	0
2001	11	23	0	0
2001	11	24	0	0
2001	11	25	0	0
2001	11	26	0	0
2001	11	27	0	0
2001	11	28	0	0
2001	11	29	0	0
2001	11	30	0	0
2001	12	1	0	0
2001	12	2	0	0
2001	12	3	0	0
2001	12	4	0	0
2001	12	5	0	0
2001	12	6	0	0
2001	12	7	0	0
2001	12	8	0	0
2001	12	9	0	0
2001	12	10	0	0
2001	12	11	0	0
2001	12	12	0	0
2001	12	13	0	0
2001	12	14	NA	6.8
2001	12	15	0	1
2001	12	16	0	0
2001	12	17	0	0
2001	12	18	0	0
2001	12	19	0	0
2001	12	20	0	0
2001	12	21	0	0
2001	12	22	0	0
2001	12	23	0	0
2001	12	24	0	0
2001	12	25	0	0
2001	12	26	0	0
2001	12	27	0	0
2001	12	28	0	0
2001	12	29	0	0
2001	12	30	0	0
2001	12	31	0	0
2002	1	1	0	0
2002	1	2	0	0
2002	1	3	0	0
2002	1	4	0	0
2002	1	5	0	0
2002	1	6	0	0
2002	1	7	0	0
2002	1	8	0	0
2002	1	9	0	0
2002	1	10	0	0
2002	1	11	0	0
2002	1	12	0	0
2002	1	13	0	0
2002	1	14	0	0
2002	1	15	0	0
2002	1	16	0	0
2002	1	17	0	0
2002	1	18	0	0
2002	1	19	0	0
2002	1	20	0	0
2002	1	21	0	0
2002	1	22	0	0
2002	1	23	3	0
2002	1	24	3	11.2
2002	1	25	0	1.8
2002	1	26	0	0
2002	1	27	0	0
2002	1	28	0	0
2002	1	29	0	0
2002	1	30	0	0
2002	1	31	0	0
2002	2	1	0	0
2002	2	2	0	0
2002	2	3	0	0
2002	2	4	0	0
2002	2	5	0	0
2002	2	6	120	29
2002	2	7	0	57
2002	2	8	0	2.6
2002	2	9	0	0
2002	2	10	0	0
2002	2	11	0	0
2002	2	12	0	0
2002	2	13	0	0
2002	2	14	0	0
2002	2	15	60	48.4
2002	2	16	0	19
2002	2	17	0	0.2
2002	2	18	0	0
2002	2	19	0	0
2002	2	20	0	0
2002	2	21	0	0
2002	2	22	0	0
2002	2	23	0	0
2002	2	24	0	0
2002	2	25	0	0
2002	2	26	0	0
2002	2	27	0	0
2002	2	28	0	0
2002	3	1	0	0
2002	3	2	4	0
2002	3	3	0	3
2002	3	4	0	0
2002	3	5	40	0
2002	3	6	75	65.2
2002	3	7	0	0.4
2002	3	8	0	0
2002	3	9	0	0
2002	3	10	0	0
2002	3	11	0	0
2002	3	12	0	0
2002	3	13	0	0
2002	3	14	8	0
2002	3	15	0	6
2002	3	16	0	0
2002	3	17	0	0
2002	3	18	0	0
2002	3	19	0	0
2002	3	20	0	0
2002	3	21	0	0
2002	3	22	0	0
2002	3	23	0	0
2002	3	24	0	0
2002	3	25	0	0
2002	3	26	0	0
2002	3	27	0	0
2002	3	28	0	0
2002	3	29	0	0
2002	3	30	0	0
2002	3	31	0	0
2002	4	1	0	0
2002	4	2	0	0
2002	4	3	0	0
2002	4	4	10	6.6
2002	4	5	0	2.2
2002	4	6	0	0
2002	4	7	0	0.4
2002	4	8	15	5.8
2002	4	9	0	1.8
2002	4	10	13	8.6
2002	4	11	20	15.6
2002	4	12	25	15.6
2002	4	13	30	12.8
2002	4	14	0	10
2002	4	15	20	9.2
2002	4	16	30	5.6
2002	4	17	0	2.4
2002	4	18	0	0
2002	4	19	15	0
2002	4	20	0	13.6
2002	4	21	10	7
2002	4	22	0	0
2002	4	23	0	0
2002	4	24	0	0
2002	4	25	0	0
2002	4	26	0	0
2002	4	27	0	0
2002	4	28	0	0
2002	4	29	0	0
2002	4	30	0	0
2002	5	1	0	0
2002	5	2	0	2.4
2002	5	3	40	30.8
2002	5	4	0	5
2002	5	5	10	3.8
2002	5	6	0	2.4
2002	5	7	0	0
2002	5	8	118	23.8
2002	5	9	0	71
2002	5	10	30	6.8
2002	5	11	0	23
2002	5	12	0	1
2002	5	13	5	0.2
2002	5	14	0	0
2002	5	15	0	0
2002	5	16	0	0
2002	5	17	0	0
2002	5	18	13	0
2002	5	19	0	13
2002	5	20	5	0
2002	5	21	0	1.2
2002	5	22	0	0
2002	5	23	13	5
2002	5	24	0	4.8
2002	5	25	5	0
2002	5	26	0	2.2
2002	5	27	3	0
2002	5	28	0	1.6
2002	5	29	0	0
2002	5	30	0	0
2002	5	31	0	0
2002	6	1	0	0
2002	6	2	0	0
2002	6	3	10	0
2002	6	4	9	1.4
2002	6	5	70	22
2002	6	6	40	9.2
2002	6	7	0	22.6
2002	6	8	0	0
2002	6	9	60	49.6
2002	6	10	0	0.2
2002	6	11	0	0
2002	6	12	0	0
2002	6	13	0	0
2002	6	14	0	0
2002	6	15	0	0
2002	6	16	0	0
2002	6	17	0	0
2002	6	18	0	0
2002	6	19	0	0
2002	6	20	0	0
2002	6	21	0	0
2002	6	22	0	0
2002	6	23	5	0.4
2002	6	24	40	3
2002	6	25	0	76.6
2002	6	26	0	3.2
2002	6	27	0	0.2
2002	6	28	0	1
2002	6	29	0	0
2002	6	30	0	1.4
2002	7	1	0	0
2002	7	2	0	0
2002	7	3	0	0
2002	7	4	0	0
2002	7	5	0	0
2002	7	6	20	0
2002	7	7	0	12.8
2002	7	8	0	0
2002	7	9	0	0
2002	7	10	0	0
2002	7	11	0	0
2002	7	12	0	0
2002	7	13	10	8.6
2002	7	14	20	6.2
2002	7	15	160	60.2
2002	7	16	0	91.8
2002	7	17	0	0
2002	7	18	20	0
2002	7	19	0	23.2
2002	7	20	0	0
2002	7	21	5	0
2002	7	22	0	5.6
2002	7	23	0	0
2002	7	24	0	0
2002	7	25	0	0
2002	7	26	0	0
2002	7	27	0	0
2002	7	28	0	0
2002	7	29	0	0
2002	7	30	0	0.2
2002	7	31	18	21
2002	8	1	18	3.6
2002	8	2	5	3.2
2002	8	3	0	0
2002	8	4	0	0
2002	8	5	0	0
2002	8	6	5	0.8
2002	8	7	0	0.8
2002	8	8	0	0
2002	8	9	0	0
2002	8	10	10	0
2002	8	11	10	20.8
2002	8	12	0	7.6
2002	8	13	0	0
2002	8	14	0	0
2002	8	15	0	0
2002	8	16	0	0
2002	8	17	0	0
2002	8	18	0	0
2002	8	19	0	0
2002	8	20	5	3.6
2002	8	21	0	2.6
2002	8	22	25	0
2002	8	23	15	14.2
2002	8	24	30	5.6
2002	8	25	10	11.8
2002	8	26	10	18.8
2002	8	27	10	2.4
2002	8	28	5	22
2002	8	29	0	6.8
2002	8	30	0	0
2002	8	31	25	0.2
2002	9	1	0	0
2002	9	2	60	47
2002	9	3	60	1
2002	9	4	17.5	56.2
2002	9	5	0	8.4
2002	9	6	20	20.2
2002	9	7	0	0
2002	9	8	5	0
2002	9	9	0	0.6
2002	9	10	0	0
2002	9	11	0	0
2002	9	12	25	22.4
2002	9	13	0	5.4
2002	9	14	0	0
2002	9	15	0	0
2002	9	16	0	0
2002	9	17	0	0
2002	9	18	0	0
2002	9	19	0	1
2002	9	20	0	0
2002	9	21	0	0
2002	9	22	10	0
2002	9	23	20	14.4
2002	9	24	0	29
2002	9	25	0	0
2002	9	26	0	0.4
2002	9	27	20	5.8
2002	9	28	0	0
2002	9	29	0	0
2002	9	30	0	0
2002	10	1	0	0
2002	10	2	0	0
2002	10	3	0	0
2002	10	4	0	0
2002	10	5	0	0
2002	10	6	0	0
2002	10	7	0	0
2002	10	8	0	0
2002	10	9	0	2.2
2002	10	10	95	63.4
2002	10	11	20	13.6
2002	10	12	0	34.8
2002	10	13	0	0
2002	10	14	0	0
2002	10	15	0	0
2002	10	16	0	0
2002	10	17	0	0
2002	10	18	0	0
2002	10	19	0	0
2002	10	20	0	0
2002	10	21	0	0
2002	10	22	0	11.2
2002	10	23	0	0.2
2002	10	24	0	0
2002	10	25	0	0
2002	10	26	0	0
2002	10	27	0	0
2002	10	28	0	0
2002	10	29	0	0
2002	10	30	0	0
2002	10	31	0	0
2002	11	1	0	0
2002	11	2	0	0
2002	11	3	0	0
2002	11	4	0	0
2002	11	5	0	0
2002	11	6	0	0
2002	11	7	0	0
2002	11	8	0	0.6
2002	11	9	0	0
2002	11	10	0	0
2002	11	11	0	0
2002	11	12	0	0
2002	11	13	0	0
2002	11	14	0	5.6
2002	11	15	80	61.4
2002	11	16	60	51.6
2002	11	17	20	19.8
2002	11	18	20	8.6
2002	11	19	0	12.4
2002	11	20	10	0
2002	11	21	20	2.4
2002	11	22	0	19.8
2002	11	23	0	0
2002	11	24	0	10.2
2002	11	25	0	24.8
2002	11	26	95	27.2
2002	11	27	0	14.8
2002	11	28	0	0
2002	11	29	0	1.4
2002	11	30	10	3.6
2002	12	1	0	1.4
2002	12	2	0	0
2002	12	3	20	2.8
2002	12	4	0	1.2
2002	12	5	0	0
2002	12	6	50	35.8
2002	12	7	15	14.4
2002	12	8	10	0.2
2002	12	9	15	2
2002	12	10	0	0.2
2002	12	11	0	0
2002	12	12	20	0
2002	12	13	0	3.4
2002	12	14	0	0
2002	12	15	0	0
2002	12	16	0	0.2
2002	12	17	10	0
2002	12	18	0	1
2002	12	19	0	0
2002	12	20	0	0
2002	12	21	0	0
2002	12	22	0	0
2002	12	23	0	0
2002	12	24	0	0
2002	12	25	0	0
2002	12	26	0	0
2002	12	27	45	0
2002	12	28	10	37.8
2002	12	29	0	0
2002	12	30	0	0
2002	12	31	0	2
2003	1	1	0	0
2003	1	2	0	0
2003	1	3	0	0
2003	1	4	0	0
2003	1	5	0	0
2003	1	6	0	0
2003	1	7	0	5.6
2003	1	8	0	0.2
2003	1	9	0	0
2003	1	10	0	0
2003	1	11	0	0.4
2003	1	12	0	0.4
2003	1	13	0	0
2003	1	14	0	0
2003	1	15	0	0
2003	1	16	0	0
2003	1	17	0	0
2003	1	18	0	0
2003	1	19	0	0
2003	1	20	0	0
2003	1	21	0	1.6
2003	1	22	0	10.6
2003	1	23	0	0
2003	1	24	0	0
2003	1	25	0	0
2003	1	26	0	0
2003	1	27	0	0
2003	1	28	0	0
2003	1	29	0	0
2003	1	30	0	0
2003	1	31	0	0
2003	2	1	0	0.4
2003	2	2	0	0
2003	2	3	0	0
2003	2	4	0	0
2003	2	5	0	0
2003	2	6	0	0
2003	2	7	0	0
2003	2	8	0	0
2003	2	9	0	0
2003	2	10	0	0.2
2003	2	11	0	0
2003	2	12	0	0
2003	2	13	0	0
2003	2	14	0	0
2003	2	15	0	0
2003	2	16	0	0
2003	2	17	0	6.6
2003	2	18	0	0.2
2003	2	19	0	0
2003	2	20	0	0
2003	2	21	0	0
2003	2	22	0	0
2003	2	23	0	0
2003	2	24	0	0
2003	2	25	0	0
2003	2	26	0	0
2003	2	27	0	0
2003	2	28	0	0
2003	3	1	0	0
2003	3	2	0	0
2003	3	3	0	0
2003	3	4	0	0
2003	3	5	0	0
2003	3	6	3	0
2003	3	7	0	0.6
2003	3	8	0	0
2003	3	9	0	0
2003	3	10	0	0
2003	3	11	0	0
2003	3	12	0	0
2003	3	13	0	0
2003	3	14	0	0
2003	3	15	0	5
2003	3	16	0	9
2003	3	17	0	0
2003	3	18	0	0
2003	3	19	0	0
2003	3	20	0	0
2003	3	21	0	0
2003	3	22	0	0
2003	3	23	0	0
2003	3	24	0	0
2003	3	25	0	0
2003	3	26	0	0
2003	3	27	0	0
2003	3	28	0	0
2003	3	29	0	0
2003	3	30	0	0
2003	3	31	0	0
2003	4	1	0	3
2003	4	2	8	0
2003	4	3	0	11.4
2003	4	4	30	4.2
2003	4	5	0	0.2
2003	4	6	0	0
2003	4	7	5	0.2
2003	4	8	0	1.4
2003	4	9	0	0
2003	4	10	14	9.2
2003	4	11	0	1
2003	4	12	13	3.2
2003	4	13	0	0
2003	4	14	0	0
2003	4	15	0	0
2003	4	16	0	0
2003	4	17	0	0
2003	4	18	0	0.2
2003	4	19	0	0
2003	4	20	70	50.8
2003	4	21	0	12
2003	4	22	0	0
2003	4	23	0	0
2003	4	24	0	0
2003	4	25	0	0
2003	4	26	0	0
2003	4	27	0	1.2
2003	4	28	0	0
2003	4	29	0	0
2003	4	30	5	0.4
2003	5	1	7	3
2003	5	2	3	0
2003	5	3	0	1.6
2003	5	4	0	0
2003	5	5	0	0
2003	5	6	0	0
2003	5	7	0	0
2003	5	8	0	0
2003	5	9	0	0
2003	5	10	10	0.2
2003	5	11	0	8.2
2003	5	12	0	0
2003	5	13	0	0
2003	5	14	0	0
2003	5	15	0	0
2003	5	16	0	0
2003	5	17	0	0
2003	5	18	0	0
2003	5	19	30	0
2003	5	20	0	12.8
2003	5	21	0	0.4
2003	5	22	0	0
2003	5	23	0	0
2003	5	24	0	0
2003	5	25	0	0
2003	5	26	15	2.2
2003	5	27	0	10
2003	5	28	0	0.8
2003	5	29	13	2
2003	5	30	0	0.4
2003	5	31	0	0
2003	6	1	5	0
2003	6	2	5	1.6
2003	6	3	0	4.6
2003	6	4	0	0
2003	6	5	0	0
2003	6	6	0	0
2003	6	7	0	0
2003	6	8	10	0
2003	6	9	0	6.4
2003	6	10	0	0
2003	6	11	0	0
2003	6	12	0	0
2003	6	13	0	0
2003	6	14	0	0
2003	6	15	35	0
2003	6	16	0	2
2003	6	17	0	0
2003	6	18	0	40
2003	6	19	0	0
2003	6	20	0	0
2003	6	21	0	0
2003	6	22	0	0
2003	6	23	0	0
2003	6	24	0	0
2003	6	25	0	0
2003	6	26	0	0
2003	6	27	0	1
2003	6	28	0	0.8
2003	6	29	0	0
2003	6	30	0	0
2003	7	1	0	0
2003	7	2	0	0
2003	7	3	0	0
2003	7	4	0	0
2003	7	5	0	0.6
2003	7	6	0	0
2003	7	7	0	0
2003	7	8	0	0
2003	7	9	0	0
2003	7	10	0	0
2003	7	11	0	0
2003	7	12	0	0
2003	7	13	0	0
2003	7	14	7	0
2003	7	15	0	3.4
2003	7	16	0	0
2003	7	17	0	0
2003	7	18	0	0
2003	7	19	0	0
2003	7	20	0	0
2003	7	21	0	0
2003	7	22	0	0
2003	7	23	0	0
2003	7	24	0	0
2003	7	25	0	1.4
2003	7	26	0	0
2003	7	27	3	0
2003	7	28	0	0.4
2003	7	29	0	0
2003	7	30	2	0
2003	7	31	3	11.6
2003	8	1	0	0
2003	8	2	0	0
2003	8	3	0	0
2003	8	4	0	0
2003	8	5	0	0
2003	8	6	0	0
2003	8	7	0	0
2003	8	8	0	0
2003	8	9	0	0
2003	8	10	0	0
2003	8	11	0	0
2003	8	12	0	0
2003	8	13	0	0
2003	8	14	0	0
2003	8	15	0	1.2
2003	8	16	0	0
2003	8	17	0	0
2003	8	18	0	0
2003	8	19	0	1.8
2003	8	20	0	0
2003	8	21	0	0
2003	8	22	0	0
2003	8	23	0	0
2003	8	24	3	0
2003	8	25	9	10.8
2003	8	26	0	1.6
2003	8	27	0	0
2003	8	28	0	0
2003	8	29	0	0
2003	8	30	0	0
2003	8	31	0	0
2003	9	1	0	0
2003	9	2	0	0
2003	9	3	0	0
2003	9	4	0	0
2003	9	5	0	0
2003	9	6	0	0
2003	9	7	0	0
2003	9	8	0	0
2003	9	9	0	32.4
2003	9	10	0	7.2
2003	9	11	0	0
2003	9	12	0	0
2003	9	13	0	0
2003	9	14	0	1.2
2003	9	15	0	0
2003	9	16	0	0
2003	9	17	0	0
2003	9	18	0	0
2003	9	19	0	0
2003	9	20	0	0
2003	9	21	0	0
2003	9	22	0	0
2003	9	23	0	0
2003	9	24	10	0.4
2003	9	25	5	12.6
2003	9	26	0	0
2003	9	27	0	0
2003	9	28	15	0
2003	9	29	0	1.8
2003	9	30	0	0
2003	10	1	30	16.2
2003	10	2	0	1.4
2003	10	3	0	0
2003	10	4	0	0
2003	10	5	0	0
2003	10	6	0	0
2003	10	7	0	0
2003	10	8	0	0
2003	10	9	0	0
2003	10	10	0	0
2003	10	11	0	0
2003	10	12	0	0
2003	10	13	0	0
2003	10	14	10	2.2
2003	10	15	30	16.4
2003	10	16	0	7.8
2003	10	17	0	0
2003	10	18	0	0
2003	10	19	0	0.6
2003	10	20	25	14.6
2003	10	21	0	3.6
2003	10	22	0	0
2003	10	23	0	3.2
2003	10	24	0	3.2
2003	10	25	0	0
2003	10	26	20	0
2003	10	27	0	5
2003	10	28	0	0
2003	10	29	0	1.8
2003	10	30	0	2.2
2003	10	31	65	3.6
2003	11	1	0	48
2003	11	2	0	0
2003	11	3	30	0
2003	11	4	0	0
2003	11	5	0	0
2003	11	6	0	0
2003	11	7	0	5.6
2003	11	8	0	52.4
2003	11	9	0	12
2003	11	10	0	0
2003	11	11	30	0
2003	11	12	25	1.2
2003	11	13	0	0.2
2003	11	14	0	0
2003	11	15	0	0
2003	11	16	0	1.6
2003	11	17	0	0.4
2003	11	18	0	0
2003	11	19	0	0
2003	11	20	0	0
2003	11	21	0	0
2003	11	22	0	5.6
2003	11	23	35	4.4
2003	11	24	0	5.8
2003	11	25	20	4.8
2003	11	26	0	7.6
2003	11	27	70	4.4
2003	11	28	0	43
2003	11	29	0	0.2
2003	11	30	0	0
2003	12	1	0	8.6
2003	12	2	0	35.6
2003	12	3	0	30.8
2003	12	4	20	56.6
2003	12	5	200	9
2003	12	6	0	0
2003	12	7	15	0.6
2003	12	8	0	3.4
2003	12	9	0	0
2003	12	10	0	0
2003	12	11	0	0
2003	12	12	0	0
2003	12	13	0	0
2003	12	14	0	0
2003	12	15	0	0
2003	12	16	0	0
2003	12	17	0	0
2003	12	18	0	0
2003	12	19	0	0
2003	12	20	0	0
2003	12	21	0	0
2003	12	22	0	0
2003	12	23	0	0
2003	12	24	0	0
2003	12	25	0	0
2003	12	26	0	0
2003	12	27	0	0
2003	12	28	0	3.6
2003	12	29	0	11.4
2003	12	30	0	0.8
2003	12	31	50	8.6
