y	m	d	Mondovi_Simn	Mondovi_arpa
1994	1	1	0	0
1994	1	2	0	0
1994	1	3	0	0
1994	1	4	0	0
1994	1	5	0	0
1994	1	6	0.2	0
1994	1	7	25.2	17.8
1994	1	8	21.6	17.4
1994	1	9	10.4	8
1994	1	10	0	0
1994	1	11	37	29.2
1994	1	12	2.6	1.8
1994	1	13	0	0
1994	1	14	0	0
1994	1	15	0	0
1994	1	16	7.6	4.2
1994	1	17	0	0
1994	1	18	2.8	1.4
1994	1	19	0.6	0.2
1994	1	20	0	0
1994	1	21	0	0
1994	1	22	0	0
1994	1	23	0	0
1994	1	24	0	0
1994	1	25	0	0
1994	1	26	0	0
1994	1	27	0	0
1994	1	28	0	0
1994	1	29	0	0
1994	1	30	0	0
1994	1	31	0	0
1994	2	1	0	0
1994	2	2	0	0
1994	2	3	0	0
1994	2	4	7	4.2
1994	2	5	70	67.2
1994	2	6	39.2	16.2
1994	2	7	0	0
1994	2	8	2.6	2.2
1994	2	9	2	1.4
1994	2	10	0	0
1994	2	11	0	0
1994	2	12	0	0
1994	2	13	0	0
1994	2	14	0	0
1994	2	15	3	1.8
1994	2	16	0.8	0
1994	2	17	0	0
1994	2	18	0	0
1994	2	19	0	0
1994	2	20	0	0
1994	2	21	0	0
1994	2	22	0	0
1994	2	23	0	0
1994	2	24	0	0.2
1994	2	25	0	0
1994	2	26	0	0
1994	2	27	0	0
1994	2	28	8.8	6.4
1994	3	1	3.6	3
1994	3	2	2.8	2
1994	3	3	0	0
1994	3	4	0	0
1994	3	5	0	0
1994	3	6	0	0
1994	3	7	0	0
1994	3	8	0	0
1994	3	9	0	0
1994	3	10	0	0
1994	3	11	0	0
1994	3	12	0	0
1994	3	13	0	0
1994	3	14	0	0
1994	3	15	0	0
1994	3	16	0	0
1994	3	17	0	0
1994	3	18	0	0
1994	3	19	0	0
1994	3	20	0	0
1994	3	21	0	0
1994	3	22	0	0
1994	3	23	0	0
1994	3	24	0	0
1994	3	25	0	0
1994	3	26	0	0
1994	3	27	0	0
1994	3	28	0	0
1994	3	29	0	0
1994	3	30	0	0
1994	3	31	0	0
1994	4	1	0	0
1994	4	2	0	0
1994	4	3	0	0
1994	4	4	0	0
1994	4	5	0	0
1994	4	6	0	0
1994	4	7	0	0
1994	4	8	0	0
1994	4	9	0	0
1994	4	10	0	0
1994	4	11	0	0
1994	4	12	0	0
1994	4	13	0	0
1994	4	14	0	0
1994	4	15	0	0
1994	4	16	29.4	34
1994	4	17	82	66.8
1994	4	18	0	0.2
1994	4	19	0	0
1994	4	20	0.2	0.8
1994	4	21	3.8	3.6
1994	4	22	0	0
1994	4	23	0	0
1994	4	24	0	0
1994	4	25	7.4	8.8
1994	4	26	2.6	2
1994	4	27	0	0
1994	4	28	0	0
1994	4	29	0	0
1994	4	30	0	0
1994	5	1	0	0
1994	5	2	0	0
1994	5	3	0.4	0
1994	5	4	0	0
1994	5	5	0	0
1994	5	6	0	0
1994	5	7	0	0
1994	5	8	0	0
1994	5	9	4.6	2.8
1994	5	10	16.6	18.4
1994	5	11	0	0
1994	5	12	1.2	1.2
1994	5	13	1	1
1994	5	14	34.6	32.4
1994	5	15	0	0
1994	5	16	0	0
1994	5	17	8	8.2
1994	5	18	32.4	27.4
1994	5	19	10.2	9.6
1994	5	20	0	0
1994	5	21	0.4	0.6
1994	5	22	0.2	0.4
1994	5	23	0	0
1994	5	24	0	0
1994	5	25	2	2.4
1994	5	26	0	0
1994	5	27	0	0
1994	5	28	0	0
1994	5	29	0	0
1994	5	30	0	0
1994	5	31	0	0
1994	6	1	0	0
1994	6	2	NA	0
1994	6	3	NA	0
1994	6	4	NA	0
1994	6	5	NA	0
1994	6	6	NA	0
1994	6	7	NA	0
1994	6	8	NA	0
1994	6	9	NA	3.2
1994	6	10	NA	11.2
1994	6	11	NA	35.4
1994	6	12	NA	44.6
1994	6	13	17.2	16.2
1994	6	14	0.6	0.2
1994	6	15	0	0
1994	6	16	0	0
1994	6	17	0	0
1994	6	18	0	0
1994	6	19	0	0
1994	6	20	0.8	1
1994	6	21	0	0.2
1994	6	22	0	0
1994	6	23	0	0
1994	6	24	0	0
1994	6	25	0	0
1994	6	26	2.3	3.8
1994	6	27	19.4	15.2
1994	6	28	27.4	29.2
1994	6	29	0	0
1994	6	30	0	0
1994	7	1	0	0
1994	7	2	0	0
1994	7	3	0	0
1994	7	4	0	0
1994	7	5	0	0
1994	7	6	0	0.4
1994	7	7	0.4	0
1994	7	8	0	0
1994	7	9	0	0.2
1994	7	10	0	0
1994	7	11	0	0
1994	7	12	0	0
1994	7	13	0.4	0.6
1994	7	14	0	0
1994	7	15	0	0
1994	7	16	0	0
1994	7	17	0	0
1994	7	18	0	0
1994	7	19	3.6	2.8
1994	7	20	18.2	31
1994	7	21	1.2	0.2
1994	7	22	0.6	0
1994	7	23	0.2	0
1994	7	24	0	0
1994	7	25	1.4	0
1994	7	26	0.2	0
1994	7	27	0	0
1994	7	28	2.2	0
1994	7	29	0	0
1994	7	30	0	0
1994	7	31	0	0
1994	8	1	0	0
1994	8	2	0	0
1994	8	3	0	0
1994	8	4	0	0
1994	8	5	0	0
1994	8	6	0	0
1994	8	7	0.4	0.6
1994	8	8	0.2	0
1994	8	9	0	0
1994	8	10	0	0
1994	8	11	0	0
1994	8	12	0	0
1994	8	13	0	0
1994	8	14	1	1
1994	8	15	0	0
1994	8	16	0	0
1994	8	17	0	0
1994	8	18	2.6	2.6
1994	8	19	0	0
1994	8	20	0	0
1994	8	21	0	0
1994	8	22	0	0
1994	8	23	0	0
1994	8	24	1.8	1.4
1994	8	25	18.6	16.8
1994	8	26	0	0
1994	8	27	0	0
1994	8	28	0	0
1994	8	29	0	0
1994	8	30	0	0
1994	8	31	0.2	0.6
1994	9	1	11.4	11
1994	9	2	7.6	7
1994	9	3	16.6	17.6
1994	9	4	0	0
1994	9	5	0	0
1994	9	6	0	0
1994	9	7	0	0
1994	9	8	0	0
1994	9	9	18.4	18.6
1994	9	10	0	0
1994	9	11	0	0
1994	9	12	0	0
1994	9	13	0	0.6
1994	9	14	5.2	12.8
1994	9	15	24.2	13.6
1994	9	16	0	0
1994	9	17	1.8	2.2
1994	9	18	0.6	0.6
1994	9	19	0	0
1994	9	20	0	0
1994	9	21	0	1.8
1994	9	22	21.6	19
1994	9	23	39.2	37.2
1994	9	24	42	39.2
1994	9	25	1.6	1.4
1994	9	26	20.2	16.6
1994	9	27	26	24.6
1994	9	28	0	0
1994	9	29	0	0.2
1994	9	30	0	0
1994	10	1	2.4	2.6
1994	10	2	0	0
1994	10	3	0	0
1994	10	4	0	0.2
1994	10	5	0	0
1994	10	6	0	0
1994	10	7	0	0
1994	10	8	0	0
1994	10	9	0	0
1994	10	10	0	0
1994	10	11	0	0
1994	10	12	0	0
1994	10	13	0	0
1994	10	14	0	0
1994	10	15	0	0
1994	10	16	0	0
1994	10	17	0	0.2
1994	10	18	0	0
1994	10	19	0	0
1994	10	20	27.2	32.4
1994	10	21	17.2	18.6
1994	10	22	8.2	5.4
1994	10	23	1.6	3.8
1994	10	24	9.2	5.2
1994	10	25	0	0
1994	10	26	0	0.2
1994	10	27	0	0
1994	10	28	2.6	4.2
1994	10	29	10.8	13.6
1994	10	30	0	0.2
1994	10	31	0	0
1994	11	1	0	0
1994	11	2	0	0.2
1994	11	3	6	7.6
1994	11	4	3.2	5
1994	11	5	30.6	41
1994	11	6	80.2	85.8
1994	11	7	10	15.4
1994	11	8	18	29.8
1994	11	9	0.4	1
1994	11	10	2.8	6
1994	11	11	0	0
1994	11	12	0	0
1994	11	13	0	0
1994	11	14	0	0.2
1994	11	15	0	0.2
1994	11	16	0	0.2
1994	11	17	0	0
1994	11	18	0	0.2
1994	11	19	0	0
1994	11	20	0	0.2
1994	11	21	0	0.2
1994	11	22	0	0.2
1994	11	23	0	0
1994	11	24	0	0.2
1994	11	25	0	0.2
1994	11	26	0	0
1994	11	27	0	0
1994	11	28	0	0
1994	11	29	0	0
1994	11	30	0	0
1994	12	1	0	0
1994	12	2	0	0
1994	12	3	0	0
1994	12	4	0	0
1994	12	5	0	0.2
1994	12	6	0	0
1994	12	7	0	0.2
1994	12	8	0	0
1994	12	9	0	0
1994	12	10	0	0.2
1994	12	11	0	0
1994	12	12	0	0
1994	12	13	0.4	0
1994	12	14	0	0
1994	12	15	0	0.2
1994	12	16	0	0
1994	12	17	0	0
1994	12	18	0	0.2
1994	12	19	0	0
1994	12	20	9.6	5.2
1994	12	21	1.4	2.2
1994	12	22	0.2	0
1994	12	23	4.6	3
1994	12	24	0	0
1994	12	25	0.4	0.2
1994	12	26	0	0
1994	12	27	0	0
1994	12	28	0	0
1994	12	29	0	0
1994	12	30	0	0
1994	12	31	0	0
1995	1	1	0	0
1995	1	2	0	0
1995	1	3	0	0
1995	1	4	0	0
1995	1	5	0	0
1995	1	6	0	0
1995	1	7	0	0
1995	1	8	0	0
1995	1	9	0	0
1995	1	10	0	0
1995	1	11	0	0
1995	1	12	0	0
1995	1	13	0	0
1995	1	14	0	0
1995	1	15	0	0
1995	1	16	0	0
1995	1	17	0	0
1995	1	18	0	0
1995	1	19	7	5.4
1995	1	20	0	0
1995	1	21	0	0
1995	1	22	0	0
1995	1	23	0	0
1995	1	24	0	0
1995	1	25	0	0
1995	1	26	0	0
1995	1	27	0	0
1995	1	28	0	0
1995	1	29	0	0
1995	1	30	0	0
1995	1	31	0	0
1995	2	1	0	0
1995	2	2	0	0
1995	2	3	0	0
1995	2	4	0	0
1995	2	5	0	0
1995	2	6	0	0
1995	2	7	0	0
1995	2	8	0	0
1995	2	9	0	0
1995	2	10	0	0
1995	2	11	0.4	3.8
1995	2	12	2.4	0
1995	2	13	0.4	0
1995	2	14	0	3
1995	2	15	0	0
1995	2	16	0.2	0
1995	2	17	0.2	0
1995	2	18	0.2	0
1995	2	19	0	0
1995	2	20	0.2	0
1995	2	21	0	0
1995	2	22	0	0
1995	2	23	0.4	6
1995	2	24	0	0
1995	2	25	0	0
1995	2	26	0	0.6
1995	2	27	0	0.6
1995	2	28	0	0
1995	3	1	0	0
1995	3	2	0	0
1995	3	3	0.2	0
1995	3	4	0	1.8
1995	3	5	0	1.8
1995	3	6	0.2	0
1995	3	7	0	0
1995	3	8	0	0
1995	3	9	0	4.4
1995	3	10	0.4	0
1995	3	11	0	0
1995	3	12	0	0
1995	3	13	NA	0
1995	3	14	NA	0
1995	3	15	NA	0
1995	3	16	NA	0
1995	3	17	NA	0
1995	3	18	NA	0
1995	3	19	NA	0
1995	3	20	NA	0
1995	3	21	NA	0
1995	3	22	NA	0
1995	3	23	NA	0
1995	3	24	NA	0
1995	3	25	NA	0
1995	3	26	NA	0
1995	3	27	NA	0
1995	3	28	NA	0
1995	3	29	NA	0
1995	3	30	NA	0
1995	3	31	NA	0
1995	4	1	NA	0
1995	4	2	NA	0
1995	4	3	NA	0
1995	4	4	NA	0
1995	4	5	NA	0
1995	4	6	NA	0
1995	4	7	NA	0
1995	4	8	NA	0
1995	4	9	NA	0
1995	4	10	NA	0
1995	4	11	NA	0
1995	4	12	NA	0
1995	4	13	NA	4.2
1995	4	14	NA	3.8
1995	4	15	NA	2.2
1995	4	16	NA	0
1995	4	17	NA	0
1995	4	18	NA	0
1995	4	19	NA	0
1995	4	20	NA	0
1995	4	21	NA	3
1995	4	22	NA	5.4
1995	4	23	NA	37.6
1995	4	24	NA	37.8
1995	4	25	NA	56.8
1995	4	26	NA	0
1995	4	27	NA	0
1995	4	28	NA	0
1995	4	29	NA	0
1995	4	30	NA	19.2
1995	5	1	NA	0.2
1995	5	2	NA	0
1995	5	3	NA	0
1995	5	4	NA	0
1995	5	5	NA	0
1995	5	6	NA	0
1995	5	7	NA	0
1995	5	8	NA	0
1995	5	9	NA	0
1995	5	10	NA	0
1995	5	11	NA	0
1995	5	12	NA	40
1995	5	13	NA	10
1995	5	14	NA	1
1995	5	15	NA	0
1995	5	16	0	0
1995	5	17	0.2	0.4
1995	5	18	0	0
1995	5	19	1	0.6
1995	5	20	0	0
1995	5	21	0	0
1995	5	22	0	0
1995	5	23	0	0
1995	5	24	0	0
1995	5	25	0	0
1995	5	26	15.6	15.2
1995	5	27	14	13
1995	5	28	0	0
1995	5	29	0	0
1995	5	30	0.4	0.6
1995	5	31	18	15.8
1995	6	1	53.2	50.2
1995	6	2	0	0
1995	6	3	18.4	16.2
1995	6	4	1.2	1.2
1995	6	5	0	0
1995	6	6	7	6.6
1995	6	7	0	0
1995	6	8	0	0
1995	6	9	4.6	4.4
1995	6	10	6.4	9
1995	6	11	2.6	1.8
1995	6	12	15.8	15.8
1995	6	13	8.4	8.8
1995	6	14	0	0
1995	6	15	0	0
1995	6	16	0	0
1995	6	17	0	0
1995	6	18	0	0
1995	6	19	0	0
1995	6	20	0	0
1995	6	21	0	0
1995	6	22	1	1.2
1995	6	23	1.4	1
1995	6	24	4.2	4.8
1995	6	25	0	0
1995	6	26	0	0
1995	6	27	0	0
1995	6	28	0	0
1995	6	29	0	0
1995	6	30	0	0
1995	7	1	0	0
1995	7	2	0	0
1995	7	3	0	0
1995	7	4	0	0
1995	7	5	1.2	1
1995	7	6	10.6	14.4
1995	7	7	0	0
1995	7	8	0	0
1995	7	9	0	0
1995	7	10	0	0
1995	7	11	0	0
1995	7	12	0	0
1995	7	13	0	0.2
1995	7	14	0	0
1995	7	15	7.6	6.4
1995	7	16	0	0
1995	7	17	0	0
1995	7	18	NA	0
1995	7	19	NA	0
1995	7	20	NA	0
1995	7	21	NA	0
1995	7	22	NA	0
1995	7	23	NA	0
1995	7	24	NA	38.2
1995	7	25	0	0
1995	7	26	0	0
1995	7	27	0	0
1995	7	28	0	0
1995	7	29	0	0
1995	7	30	0	0
1995	7	31	0	0
1995	8	1	0	0
1995	8	2	0	0
1995	8	3	0	0
1995	8	4	0	0
1995	8	5	0	0
1995	8	6	0.8	1.4
1995	8	7	0.8	0
1995	8	8	0.6	0
1995	8	9	3.6	4
1995	8	10	0	0
1995	8	11	0	0.2
1995	8	12	5.4	5
1995	8	13	0.2	0.4
1995	8	14	0	0
1995	8	15	12	13
1995	8	16	0	0
1995	8	17	5.4	4.2
1995	8	18	7.6	6.8
1995	8	19	3.4	2.6
1995	8	20	1	1
1995	8	21	2.8	2.4
1995	8	22	53.2	49.6
1995	8	23	8.4	6
1995	8	24	0.6	1
1995	8	25	14.6	12.2
1995	8	26	0	0
1995	8	27	0	0
1995	8	28	0	0
1995	8	29	0	0
1995	8	30	0	0
1995	8	31	0	0
1995	9	1	0	0
1995	9	2	0	0
1995	9	3	0	0
1995	9	4	0	0
1995	9	5	0	0
1995	9	6	0	0
1995	9	7	0	0
1995	9	8	8.2	8.2
1995	9	9	0	0
1995	9	10	0	0
1995	9	11	0	0
1995	9	12	0	0
1995	9	13	7	6.2
1995	9	14	56.8	53.2
1995	9	15	0	0
1995	9	16	0	0
1995	9	17	8.2	8
1995	9	18	0	0
1995	9	19	45.4	41.6
1995	9	20	11	8.2
1995	9	21	0	0
1995	9	22	1	0.6
1995	9	23	0	0.2
1995	9	24	0	0
1995	9	25	0.2	0
1995	9	26	14	13.2
1995	9	27	0	0
1995	9	28	0	0
1995	9	29	0	0
1995	9	30	0	0
1995	10	1	0	0
1995	10	2	0	0
1995	10	3	0	0
1995	10	4	1.6	1.4
1995	10	5	1.8	2.2
1995	10	6	13.6	12.8
1995	10	7	0.6	0.4
1995	10	8	0	0
1995	10	9	0	0
1995	10	10	0	0
1995	10	11	0	0
1995	10	12	0	0
1995	10	13	0	0
1995	10	14	0	0
1995	10	15	0	0
1995	10	16	0	0.2
1995	10	17	0	0
1995	10	18	0	0
1995	10	19	0	0
1995	10	20	0	0
1995	10	21	0	0
1995	10	22	0	0
1995	10	23	0	0
1995	10	24	0	0
1995	10	25	0	0
1995	10	26	0	0
1995	10	27	0	0
1995	10	28	0	0
1995	10	29	0	0
1995	10	30	0	0
1995	10	31	0	0
1995	11	1	0	0
1995	11	2	0	0
1995	11	3	0	0
1995	11	4	0	0
1995	11	5	0	0
1995	11	6	0	0
1995	11	7	0	0
1995	11	8	0	0
1995	11	9	0	0
1995	11	10	0	0
1995	11	11	0	0
1995	11	12	5.2	4.4
1995	11	13	16.4	17
1995	11	14	61	51.6
1995	11	15	0	0
1995	11	16	0	0
1995	11	17	0	0
1995	11	18	0	0
1995	11	19	0	0
1995	11	20	0	0
1995	11	21	0	0
1995	11	22	0	0
1995	11	23	0	0
1995	11	24	0	0
1995	11	25	0	0
1995	11	26	3	1.4
1995	11	27	3.8	3.4
1995	11	28	7.2	6.4
1995	11	29	0	0
1995	11	30	0	0
1995	12	1	0	0
1995	12	2	0	0
1995	12	3	0	0
1995	12	4	0	0
1995	12	5	0	0
1995	12	6	0	0
1995	12	7	0	0
1995	12	8	1.2	0
1995	12	9	0	0
1995	12	10	0	0
1995	12	11	0	0
1995	12	12	0	0
1995	12	13	1.2	0
1995	12	14	2.6	1
1995	12	15	8.8	6.4
1995	12	16	16.6	8.8
1995	12	17	16.2	9.4
1995	12	18	2.6	1.6
1995	12	19	0	0
1995	12	20	0	0
1995	12	21	0	0
1995	12	22	0.2	0
1995	12	23	1	1.2
1995	12	24	0.6	0
1995	12	25	0	0
1995	12	26	0	0
1995	12	27	0	0
1995	12	28	1	0.6
1995	12	29	0	0
1995	12	30	0	0
1995	12	31	4.8	3.6
1996	1	1	0.4	0
1996	1	2	0	0
1996	1	3	0	0
1996	1	4	0	0
1996	1	5	0	0
1996	1	6	9	6.2
1996	1	7	3.8	2.4
1996	1	8	1.2	0.6
1996	1	9	0	0
1996	1	10	15.2	10.8
1996	1	11	31.8	24.6
1996	1	12	36	24.2
1996	1	13	17.8	13.4
1996	1	14	1.4	1
1996	1	15	0	0
1996	1	16	0	0
1996	1	17	0	0
1996	1	18	0	0
1996	1	19	0	0
1996	1	20	0	0
1996	1	21	0	0
1996	1	22	0	0
1996	1	23	9.6	5.4
1996	1	24	15.4	11.6
1996	1	25	0.8	0
1996	1	26	11.6	9.4
1996	1	27	0	0
1996	1	28	0	0
1996	1	29	9.6	5.2
1996	1	30	6.6	3.8
1996	1	31	0	0
1996	2	1	0.4	0
1996	2	2	8.4	4.8
1996	2	3	3	1.2
1996	2	4	0	0
1996	2	5	13.8	3.4
1996	2	6	1	1.2
1996	2	7	2.4	0.8
1996	2	8	0.8	0.4
1996	2	9	0	0
1996	2	10	0	0
1996	2	11	0	0
1996	2	12	0	0
1996	2	13	0	0
1996	2	14	0	0
1996	2	15	0	0
1996	2	16	0	0
1996	2	17	0	0
1996	2	18	0	0
1996	2	19	0	0
1996	2	20	0	0
1996	2	21	14.8	8.6
1996	2	22	10.2	7.4
1996	2	23	0	0
1996	2	24	0	0
1996	2	25	0	0
1996	2	26	0	0
1996	2	27	10.2	6.4
1996	2	28	0.8	0.4
1996	2	29	0	0
1996	3	1	0	0
1996	3	2	0	0
1996	3	3	0	0
1996	3	4	0	0
1996	3	5	0	0
1996	3	6	0	0
1996	3	7	2.6	1.2
1996	3	8	8.2	4.8
1996	3	9	1	0.6
1996	3	10	0	0
1996	3	11	0	0
1996	3	12	0	0
1996	3	13	0	0
1996	3	14	0	0
1996	3	15	13	7
1996	3	16	16.6	10.4
1996	3	17	23.4	18.2
1996	3	18	1.2	0.8
1996	3	19	0	0
1996	3	20	0	0
1996	3	21	0	0
1996	3	22	0	0
1996	3	23	0	0
1996	3	24	0	0
1996	3	25	0	0
1996	3	26	0	0
1996	3	27	0.2	0
1996	3	28	29	25.8
1996	3	29	0.8	0.6
1996	3	30	0	0
1996	3	31	0	0
1996	4	1	0	0
1996	4	2	10	8.2
1996	4	3	31.2	27.2
1996	4	4	17.2	9.4
1996	4	5	0	0
1996	4	6	0	0
1996	4	7	0	0
1996	4	8	0	0
1996	4	9	4	3.4
1996	4	10	0	0
1996	4	11	0	0
1996	4	12	0	0
1996	4	13	0	0
1996	4	14	6.4	6.8
1996	4	15	0.2	0
1996	4	16	0	0
1996	4	17	0	0
1996	4	18	0	0
1996	4	19	0	0
1996	4	20	0	0
1996	4	21	0	0
1996	4	22	0	0
1996	4	23	5.8	5.8
1996	4	24	16.6	15
1996	4	25	0	0
1996	4	26	27.8	25.6
1996	4	27	63.8	60.8
1996	4	28	40.4	31.6
1996	4	29	0	0.2
1996	4	30	0	0.2
1996	5	1	0	0
1996	5	2	9.8	8.8
1996	5	3	0	0
1996	5	4	0	0
1996	5	5	0	0
1996	5	6	0	0
1996	5	7	0	0
1996	5	8	2.6	2.4
1996	5	9	0.2	0.2
1996	5	10	1.8	1.8
1996	5	11	1.8	1.6
1996	5	12	7.2	6.4
1996	5	13	10.4	9.6
1996	5	14	0	0.4
1996	5	15	0	0
1996	5	16	0	0
1996	5	17	0	0
1996	5	18	0	0
1996	5	19	0	0
1996	5	20	0.6	0.4
1996	5	21	0	0
1996	5	22	1.2	1.4
1996	5	23	0	0
1996	5	24	0	0
1996	5	25	0	0
1996	5	26	0	0
1996	5	27	0	0
1996	5	28	0	0
1996	5	29	0	0
1996	5	30	0	0
1996	5	31	0	0
1996	6	1	0	0
1996	6	2	0	0
1996	6	3	1.2	7.4
1996	6	4	6.4	11.4
1996	6	5	0	0
1996	6	6	NA	0
1996	6	7	NA	0
1996	6	8	NA	0
1996	6	9	NA	0
1996	6	10	NA	0
1996	6	11	NA	0
1996	6	12	NA	0
1996	6	13	NA	0
1996	6	14	NA	2.8
1996	6	15	NA	0.8
1996	6	16	NA	0
1996	6	17	NA	20.4
1996	6	18	NA	0
1996	6	19	NA	0
1996	6	20	NA	0
1996	6	21	NA	5.2
1996	6	22	NA	4
1996	6	23	NA	0.2
1996	6	24	NA	0.2
1996	6	25	0	18.2
1996	6	26	0.2	0.8
1996	6	27	0	0.8
1996	6	28	0.2	0
1996	6	29	0.6	0
1996	6	30	2.2	0
1996	7	1	1.4	0
1996	7	2	0	0.6
1996	7	3	0	6.6
1996	7	4	0	0
1996	7	5	1.8	0
1996	7	6	0.4	2
1996	7	7	1.4	0
1996	7	8	0.4	2.2
1996	7	9	0.6	0
1996	7	10	0.2	0
1996	7	11	0.2	0
1996	7	12	0	0
1996	7	13	0.8	6.2
1996	7	14	1.6	0.2
1996	7	15	1.4	0
1996	7	16	0.4	0
1996	7	17	1	2.2
1996	7	18	0.2	0
1996	7	19	0.6	0
1996	7	20	0	0
1996	7	21	0	0
1996	7	22	0	0
1996	7	23	0	0
1996	7	24	0	0
1996	7	25	0	0
1996	7	26	0	0
1996	7	27	0	0.6
1996	7	28	0.2	2
1996	7	29	0	0.6
1996	7	30	NA	12.8
1996	7	31	NA	0
1996	8	1	NA	0
1996	8	2	NA	0
1996	8	3	NA	0
1996	8	4	NA	26.4
1996	8	5	NA	0
1996	8	6	NA	1.8
1996	8	7	NA	0
1996	8	8	NA	2
1996	8	9	NA	0
1996	8	10	NA	0
1996	8	11	NA	0
1996	8	12	NA	0.2
1996	8	13	NA	2
1996	8	14	NA	0
1996	8	15	NA	0
1996	8	16	NA	0
1996	8	17	NA	0
1996	8	18	NA	0
1996	8	19	NA	0
1996	8	20	NA	0
1996	8	21	NA	0
1996	8	22	NA	23.2
1996	8	23	NA	2
1996	8	24	NA	0
1996	8	25	NA	7.2
1996	8	26	NA	0
1996	8	27	NA	0
1996	8	28	NA	3.8
1996	8	29	NA	0
1996	8	30	NA	4.2
1996	8	31	NA	0
1996	9	1	NA	0
1996	9	2	NA	34.4
1996	9	3	NA	5.4
1996	9	4	NA	15
1996	9	5	NA	0
1996	9	6	NA	0
1996	9	7	NA	0
1996	9	8	NA	0
1996	9	9	NA	0
1996	9	10	NA	0.2
1996	9	11	NA	0
1996	9	12	NA	0
1996	9	13	NA	0
1996	9	14	NA	0
1996	9	15	NA	0
1996	9	16	NA	0
1996	9	17	NA	0
1996	9	18	NA	0
1996	9	19	NA	6
1996	9	20	NA	21.8
1996	9	21	NA	7.8
1996	9	22	NA	0
1996	9	23	NA	5
1996	9	24	NA	0
1996	9	25	NA	0
1996	9	26	NA	0
1996	9	27	NA	0
1996	9	28	NA	0
1996	9	29	NA	0
1996	9	30	NA	0
1996	10	1	NA	0
1996	10	2	NA	1.6
1996	10	3	NA	0
1996	10	4	NA	0
1996	10	5	NA	0
1996	10	6	NA	1
1996	10	7	NA	18.8
1996	10	8	NA	63.2
1996	10	9	NA	53.2
1996	10	10	NA	0
1996	10	11	NA	36.2
1996	10	12	NA	0
1996	10	13	NA	0
1996	10	14	NA	27.4
1996	10	15	NA	28.6
1996	10	16	NA	40.2
1996	10	17	NA	6.8
1996	10	18	NA	0
1996	10	19	NA	0
1996	10	20	NA	0
1996	10	21	NA	0
1996	10	22	NA	0
1996	10	23	NA	0
1996	10	24	NA	0
1996	10	25	NA	0
1996	10	26	NA	0
1996	10	27	NA	0
1996	10	28	NA	0
1996	10	29	NA	0
1996	10	30	NA	0
1996	10	31	NA	0
1996	11	1	NA	0
1996	11	2	NA	0
1996	11	3	NA	0
1996	11	4	NA	0
1996	11	5	NA	0
1996	11	6	NA	7.6
1996	11	7	NA	0
1996	11	8	NA	0
1996	11	9	NA	0
1996	11	10	NA	0
1996	11	11	NA	3.2
1996	11	12	0	14.6
1996	11	13	0	0.4
1996	11	14	0	5.6
1996	11	15	0	0.4
1996	11	16	4	13.2
1996	11	17	15.2	19.8
1996	11	18	21.8	29.6
1996	11	19	39.7	0
1996	11	20	65	0
1996	11	21	9	0
1996	11	22	0	0
1996	11	23	0	0
1996	11	24	0	0
1996	11	25	0	0
1996	11	26	NA	0
1996	11	27	NA	0
1996	11	28	NA	0
1996	11	29	NA	0
1996	11	30	NA	0
1996	12	1	NA	0
1996	12	2	NA	0
1996	12	3	0	0
1996	12	4	0	0
1996	12	5	0	0
1996	12	6	0	0
1996	12	7	0.4	0.6
1996	12	8	1.2	1.2
1996	12	9	0	25.8
1996	12	10	0	36
1996	12	11	109	18
1996	12	12	0.4	0.2
1996	12	13	1	0.6
1996	12	14	1.8	1.6
1996	12	15	0	0
1996	12	16	0	0
1996	12	17	0	0
1996	12	18	0	0
1996	12	19	0	0
1996	12	20	8.4	13.6
1996	12	21	1.4	0
1996	12	22	1	0.6
1996	12	23	0.4	1.4
1996	12	24	NA	0
1996	12	25	NA	3
1996	12	26	NA	1
1996	12	27	NA	0
1996	12	28	NA	0
1996	12	29	NA	0
1996	12	30	NA	0
1996	12	31	NA	0
